# The mean values of the components (in mm)
153
1
6
-61.487065 
-51.509332 
-37.921431 
-24.057516 
-11.630855 
12.064575 
25.080979 
38.237788 
50.986671 
59.712693 
0.585413 
0.765027 
0.986699 
1.246623 
-15.032333 
-7.411138 
0.343475 
8.042640 
14.960422 
-46.398983 
-37.943690 
-28.132841 
-19.916545 
-28.549994 
-38.380366 
19.002468 
27.657580 
37.180192 
44.841001 
37.909841 
28.497442 
-29.562845 
-17.967543 
-7.015967 
0.052801 
8.043929 
18.433173 
28.157774 
18.519833 
8.494683 
-0.070888 
-7.892087 
-18.695338 
-24.992703 
-7.290790 
-0.039765 
8.052638 
23.868342 
8.019854 
-0.212622 
-7.631916 
-37.103038 
-46.958179 
-50.611833 
-50.104582 
-46.101873 
-46.640281 
-50.673103 
-50.958467 
-46.902842 
-37.264890 
-31.676015 
-21.117514 
-10.737646 
0.158715 
12.338379 
14.273187 
15.946075 
14.281476 
12.541686 
-25.706010 
-31.203003 
-31.244206 
-25.361289 
-23.810857 
-23.539489 
-25.401771 
-31.558920 
-31.146069 
-25.831501 
-23.695860 
-23.829951 
39.570821 
32.160420 
28.582469 
30.231097 
28.688419 
32.668615 
39.377912 
46.579784 
49.241136 
49.857061 
49.336194 
46.680342 
39.469109 
35.142334 
35.627156 
35.092954 
39.393934 
40.374411 
41.028762 
40.536741 
27.039832 
20.931821 
14.543527 
7.608953 
2.074720 
2.333803 
7.566715 
14.068191 
20.304220 
25.944547 
-0.320469 
-8.941564 
-17.912415 
-26.452684 
-10.746347 
-14.216881 
-16.665096 
-14.180856 
-11.109900 
19.097556 
15.606980 
14.061942 
12.235130 
11.967495 
13.450376 
12.176099 
13.685622 
15.227482 
18.115394 
13.233978 
11.664752 
4.879596 
-8.128708 
-14.406876 
-15.587202 
-14.334949 
-7.381702 
4.647518 
-7.847965 
-15.774312 
-16.972084 
-15.841250 
-8.462756 
2.392204 
-13.202273 
-14.479181 
-13.135758 
2.088533 
-13.195614 
-14.587587 
-13.062554 
# The principal components (eigenvectors) of identity or combined identity and expression model
153
32
6
0.048215 0.005826 0.019250 0.055175 0.004152 -0.240330 -0.093805 0.065577 -0.028184 0.043409 0.171981 0.101208 0.077786 -0.095916 0.166254 0.029127 0.009577 0.016140 0.053935 0.072393 -0.052710 -0.000041 -0.149995 0.088505 -0.021293 0.097688 -0.043028 0.145707 -0.058863 -0.018754 -0.055098 0.283637 
0.058869 0.003249 0.041189 -0.001982 0.025312 -0.192894 -0.025140 -0.032292 -0.197517 0.118099 0.225632 0.096284 0.114517 -0.081005 0.139197 -0.078138 -0.126771 -0.136139 -0.046585 0.090782 -0.008204 -0.019328 -0.091391 0.060952 0.007995 0.018184 0.028784 0.048866 -0.015436 0.006046 -0.004828 0.138112 
0.031959 -0.001668 0.061660 -0.005340 0.003024 -0.169106 0.025180 -0.033297 -0.250054 0.214220 0.125180 0.023097 0.034194 0.014102 0.146834 -0.076318 -0.060218 -0.123413 -0.083792 0.072286 0.019266 0.024247 -0.000997 0.006645 0.024498 0.012834 0.062842 -0.003123 -0.023415 -0.025680 0.048748 -0.026094 
-0.001316 0.001415 0.073054 0.021599 -0.024599 -0.145333 0.048714 0.025206 -0.239694 0.291975 0.015222 -0.075696 -0.069737 0.103674 0.137956 -0.059660 0.017648 -0.060510 -0.113918 0.036965 0.012494 0.050988 -0.008944 -0.006526 0.024140 0.036188 0.105884 0.010739 -0.032776 -0.034197 0.114925 -0.102668 
-0.035824 0.001344 0.096519 0.024048 -0.043021 -0.102931 0.068178 0.077011 -0.175251 0.344608 -0.084700 -0.152937 -0.159712 0.163325 0.067623 -0.042989 0.040499 -0.059369 -0.151509 -0.008246 -0.025670 0.086600 -0.038968 -0.005819 0.081015 0.001095 0.078814 0.006911 -0.081881 -0.006646 0.188712 -0.148058 
0.071337 -0.000209 0.075707 -0.111516 0.029058 0.178910 -0.041829 0.002022 0.098852 -0.063920 0.157150 0.263712 0.153704 -0.143048 0.009165 0.169592 -0.042091 -0.015215 0.060386 0.092701 -0.011412 0.161957 -0.030557 -0.139962 0.185329 -0.000155 0.099424 0.016836 -0.080710 -0.067204 -0.083318 -0.183333 
0.043699 0.001130 0.048352 -0.082623 0.002693 0.222765 -0.007747 0.047357 0.126133 -0.011240 0.105147 0.176046 0.204156 -0.110730 0.095212 0.125733 -0.031262 -0.051717 -0.001980 0.069208 -0.016668 0.102606 -0.038347 -0.050735 0.155753 0.053377 0.085219 0.033941 -0.041428 -0.049227 0.078802 -0.077253 
-0.000141 0.006490 0.026936 -0.034005 -0.031528 0.243222 0.012922 0.092152 0.109157 0.056328 0.024020 0.073186 0.199754 -0.021186 0.166785 0.110435 0.009385 0.023913 -0.038320 0.060664 -0.013926 0.021366 -0.027649 -0.048182 0.088896 0.101399 0.136039 0.002153 -0.049570 0.002814 0.149871 0.053358 
-0.037555 0.007528 -0.015415 -0.002718 -0.057838 0.252132 0.053336 0.097507 0.077208 0.131023 -0.029302 -0.019790 0.160928 0.085102 0.145761 0.072649 0.053385 0.059314 -0.043048 -0.043633 0.018455 -0.049962 0.049462 -0.020626 0.000124 0.070969 0.074913 -0.085165 -0.038757 0.006930 0.199282 0.169772 
-0.042029 -0.013263 -0.114522 -0.009277 -0.033006 0.258765 0.109871 -0.001142 -0.002636 0.149950 0.001402 -0.063005 0.088768 0.097316 0.002668 -0.002525 0.002781 -0.066426 -0.007422 -0.173785 0.089002 -0.120039 0.113624 0.105707 -0.131966 -0.016829 -0.129686 -0.122573 0.009302 -0.009441 0.268861 0.192443 
0.010409 0.013506 0.115140 -0.057538 0.000108 0.025111 0.001272 0.021442 -0.008698 0.104583 0.019203 0.062144 -0.047550 0.036312 -0.079895 0.037948 0.014438 0.028186 0.030253 -0.010434 -0.021469 0.041396 -0.008376 -0.037902 0.095982 0.072764 0.102068 -0.046223 -0.057926 -0.054192 -0.040118 -0.116187 
0.011661 0.013580 0.098244 -0.054918 0.000709 0.017404 0.001459 0.017449 -0.007090 0.090928 0.008597 0.053388 -0.045450 0.027417 -0.104294 0.029068 0.016816 0.046028 0.008358 0.022175 -0.079674 -0.015467 0.041264 0.004870 0.095541 0.095869 0.038536 -0.024476 -0.035445 -0.051161 -0.010636 -0.090827 
0.012751 0.015901 0.091476 -0.053662 0.002269 0.011829 -0.001927 0.013682 -0.007728 0.075101 0.000009 0.047226 -0.044783 0.019237 -0.126011 0.015673 0.014294 0.065277 -0.017321 0.050151 -0.128723 -0.063789 0.084937 0.044485 0.109595 0.123454 -0.026538 -0.003911 -0.017052 -0.057302 0.012244 -0.069566 
0.012417 0.019872 0.090561 -0.054278 0.002424 0.009509 -0.003024 0.010002 -0.011042 0.060431 -0.010603 0.041663 -0.043785 0.017712 -0.146990 -0.005398 0.014213 0.074732 -0.050802 0.070873 -0.175363 -0.107205 0.125943 0.076813 0.124051 0.144704 -0.081053 0.023938 0.006968 -0.065779 0.037234 -0.039172 
0.024544 -0.041070 0.054915 -0.002156 0.020605 0.005506 0.033788 0.023038 -0.009453 -0.020991 0.027501 0.016838 -0.023416 -0.038269 -0.172593 0.100604 -0.087956 0.115924 -0.195525 0.149607 -0.119504 -0.086585 0.062174 -0.075038 0.035110 0.067295 0.018243 0.037127 -0.065788 0.114307 0.008766 0.013420 
0.015769 -0.016706 0.051135 -0.016355 0.023331 0.007524 0.007242 0.013630 -0.003853 -0.008421 -0.000527 0.001986 -0.030917 -0.012734 -0.145835 0.055688 -0.050414 0.097692 -0.122883 0.116419 -0.123293 -0.072748 0.065772 -0.026490 0.050794 0.080157 -0.001588 0.030216 -0.002659 0.090274 0.014294 0.008209 
0.006896 0.010273 0.040574 -0.028175 0.009177 -0.002727 -0.014177 0.003932 0.004489 0.006152 -0.014778 0.011313 -0.036673 0.012083 -0.116775 -0.004415 0.017024 0.042082 -0.017831 0.056364 -0.122120 -0.059416 0.060239 0.041547 0.076702 0.078139 -0.024391 0.022113 0.041986 0.029818 0.006180 -0.008338 
0.003970 0.033635 0.031624 -0.039688 -0.009931 -0.013688 -0.027612 -0.006537 0.014283 0.026041 -0.027827 0.007531 -0.035935 0.028010 -0.090291 -0.066369 0.095570 -0.004022 0.073400 -0.005364 -0.106538 -0.056168 0.061509 0.078550 0.094586 0.045250 -0.003615 0.025884 0.050964 -0.059244 -0.004008 -0.021368 
-0.001030 0.051101 0.012729 -0.044712 -0.018779 -0.019594 -0.042435 -0.019121 0.024428 0.034846 -0.034286 -0.007933 -0.033382 0.048139 -0.059376 -0.110934 0.139720 -0.028230 0.159201 -0.068088 -0.091597 -0.048485 0.074228 0.104849 0.077415 -0.003190 -0.011414 0.014616 0.051647 -0.131379 -0.016369 -0.029576 
0.013276 0.015196 0.059348 0.005177 -0.027902 -0.170695 -0.014038 0.150670 0.011873 0.000786 -0.001627 -0.017240 0.060415 -0.071933 -0.072809 0.194452 0.009800 0.022712 0.090550 -0.052535 0.048687 0.036304 -0.081877 0.107825 -0.019121 0.088373 0.006745 -0.001877 0.027214 0.037692 0.066350 -0.032024 
0.008368 0.021960 0.054532 0.000311 -0.013304 -0.136478 -0.005637 0.144631 -0.012116 0.036030 0.009154 -0.004242 0.045998 -0.045201 -0.104791 0.181210 -0.014972 0.008238 0.103363 -0.104654 0.090328 0.075697 -0.047151 0.056470 -0.047856 0.042860 0.048666 -0.031566 0.031284 0.039040 0.059929 -0.077071 
0.010395 0.003713 0.046220 0.009379 -0.018544 -0.083031 -0.013386 0.114954 -0.018702 0.037856 -0.002239 0.007356 0.059607 0.038771 -0.131230 0.159333 -0.105685 0.035886 0.067892 -0.054718 0.165788 0.105141 0.029341 0.082812 -0.059462 0.015944 0.035767 -0.047746 0.012667 0.050158 0.039094 -0.047357 
-0.004435 0.007758 0.022257 0.036260 -0.024646 -0.070379 -0.043482 0.069648 -0.017559 0.045113 -0.011125 0.031216 0.049811 0.049932 -0.155766 0.134651 -0.112632 0.006918 0.065349 -0.047570 0.144378 0.096402 0.099483 0.065001 -0.044072 -0.028810 -0.014239 -0.088588 -0.014730 0.076246 0.021813 -0.019431 
0.002165 0.006150 0.029380 0.029537 -0.025415 -0.100095 -0.017928 0.118446 -0.004248 0.030562 -0.006585 0.000532 0.058398 0.009221 -0.126284 0.163929 -0.090164 0.029112 0.068156 -0.063123 0.109314 0.090377 -0.005534 0.070883 -0.043083 -0.006742 -0.002886 -0.037771 0.001431 0.081963 0.004436 -0.032697 
0.005906 0.023652 0.032288 0.016417 -0.016369 -0.150461 -0.008210 0.140340 0.006951 0.032729 0.002817 -0.014571 0.043576 -0.085898 -0.093828 0.197874 0.009255 -0.010440 0.104221 -0.102783 0.013114 0.047952 -0.099076 0.069836 -0.028903 0.044003 0.014956 -0.013531 0.002087 0.064351 0.058261 -0.052773 
0.031500 -0.016588 -0.023311 -0.051803 0.020577 0.076264 0.056423 -0.050173 0.058645 0.086870 0.049525 0.017849 -0.103044 0.016589 0.058592 0.011828 0.079540 -0.004367 0.086692 -0.046516 -0.016537 0.071956 -0.138565 0.010325 -0.021842 0.083975 0.110326 0.083204 -0.010803 -0.126543 0.008570 -0.065688 
0.008613 -0.007233 -0.020573 -0.036715 0.011967 0.087079 0.019123 -0.079108 0.053694 0.138972 0.045043 0.066957 -0.125703 0.038948 0.052634 0.035588 0.066490 -0.058129 0.093071 -0.057940 -0.003968 0.124034 -0.079225 0.027754 -0.038168 0.004876 0.053321 0.063399 -0.004495 -0.056661 -0.007469 -0.016110 
0.010708 -0.022508 -0.031270 -0.026205 0.011524 0.141469 0.005171 -0.103210 0.057169 0.134168 0.035399 0.074052 -0.116274 0.110813 0.023736 0.016900 -0.015217 -0.013920 0.071146 -0.012837 0.055448 0.151531 -0.015708 0.005826 -0.049828 -0.042618 0.063884 0.047747 -0.001527 -0.018317 -0.022828 0.028414 
-0.002105 -0.020003 -0.064424 -0.013765 0.020781 0.174297 0.001852 -0.122246 0.043849 0.126361 0.045295 0.070262 -0.111656 0.134767 -0.017164 -0.026720 -0.057077 -0.037401 0.057190 -0.048382 0.069101 0.117167 0.012271 -0.038779 -0.039332 -0.077244 0.048794 -0.029942 0.009972 0.030621 -0.034125 0.032811 
0.013969 -0.027246 -0.057345 -0.015140 0.008990 0.148608 0.002683 -0.100291 0.049046 0.118726 0.042351 0.076792 -0.099641 0.130512 -0.001439 -0.013800 -0.045290 0.013326 0.049555 0.028980 0.100417 0.164552 0.016949 -0.001374 -0.021085 -0.071477 0.006962 0.059649 0.027692 -0.007030 -0.078989 0.038859 
0.019008 -0.012928 -0.046256 -0.036644 0.012116 0.098313 0.022292 -0.078736 0.050100 0.118315 0.047233 0.058065 -0.103981 0.053660 0.031135 0.009987 0.035686 -0.022567 0.066701 -0.005730 0.033996 0.126479 -0.062315 0.021035 -0.001091 -0.013353 0.002995 0.076257 0.009807 -0.058127 -0.042979 -0.004986 
-0.007601 -0.177175 0.017727 0.125761 0.005688 -0.003353 0.147590 0.073022 -0.018688 -0.204710 0.010150 0.031133 0.001801 0.030364 0.023092 -0.004181 0.085187 0.005926 0.087355 0.072482 -0.021998 -0.032687 0.046765 -0.055522 -0.177677 -0.034217 0.213318 0.017704 0.014570 -0.055193 0.030444 0.001590 
-0.016541 -0.130310 0.005113 0.039399 -0.015097 -0.002729 0.084226 0.039798 -0.038451 -0.160923 0.067103 -0.036395 -0.025994 0.076883 0.025661 0.022379 0.057800 -0.007792 -0.055764 0.012615 -0.000495 -0.017802 0.043257 -0.012918 -0.076865 0.029916 0.111351 0.026562 -0.043756 -0.072868 -0.014045 -0.005620 
-0.006580 -0.041018 0.011956 0.014998 0.000740 -0.005472 0.032329 0.006822 -0.020124 -0.131024 0.077596 -0.043507 -0.025592 0.112554 -0.034348 0.040738 0.060708 -0.001484 -0.155825 -0.070616 -0.011748 0.005651 0.000251 0.005087 0.038106 0.066154 0.082256 0.091179 -0.065226 -0.023005 -0.061362 -0.058155 
0.004961 0.001648 -0.003877 -0.006108 0.014598 -0.019228 -0.004263 -0.016762 0.000237 -0.074099 -0.025521 -0.041570 -0.009358 0.010684 -0.001844 0.010927 0.012393 -0.017579 -0.043086 -0.029781 -0.001323 0.002201 0.067935 -0.021949 0.012852 0.077330 0.032354 0.036728 -0.058971 -0.032938 -0.001410 -0.051522 
0.010249 0.058570 -0.030749 -0.037553 0.017103 -0.045825 -0.032816 -0.033532 0.023519 -0.005390 -0.142192 -0.028903 0.005856 -0.119621 0.037848 -0.030546 -0.049052 -0.044563 0.084150 0.025508 0.033239 0.010978 0.157710 -0.068468 -0.065812 0.111109 0.080771 0.000044 -0.000183 -0.031588 0.026364 -0.072106 
0.019855 0.127731 -0.069824 -0.036148 0.034849 -0.043347 -0.088673 -0.073093 0.049751 0.013844 -0.144983 -0.063823 0.020675 -0.110435 0.051877 -0.041482 -0.071095 0.014502 0.034872 0.022648 -0.049292 0.007571 0.075833 -0.065256 -0.069651 -0.001051 0.095846 0.062248 -0.062551 -0.005565 0.031314 -0.030085 
-0.002875 0.164839 -0.124720 -0.071759 0.017265 -0.043992 -0.148503 -0.111790 0.051584 0.012064 -0.084883 -0.131572 -0.001352 -0.044408 -0.003920 -0.047574 -0.034283 0.058068 -0.088753 -0.010707 -0.048508 0.013425 -0.024586 -0.044085 0.017545 -0.168004 0.085244 0.029133 -0.109995 -0.062934 -0.001407 0.004682 
0.017838 0.126359 -0.098394 -0.019146 0.037082 -0.045881 -0.088216 -0.093730 0.054146 -0.034776 -0.152958 -0.093546 0.040898 -0.099978 0.077336 -0.047936 -0.073395 -0.008478 0.035327 0.016668 -0.011878 0.031888 0.029670 -0.010671 0.013279 -0.059562 0.097616 -0.001442 -0.123286 0.033179 0.093989 -0.017493 
0.003354 0.057470 -0.070587 -0.005011 0.030120 -0.048761 -0.033225 -0.056017 0.022933 -0.077317 -0.170237 -0.073664 0.040276 -0.107085 0.099220 -0.034965 -0.061435 -0.077366 0.069545 -0.000936 0.069153 0.082774 0.086736 -0.021770 0.048952 -0.005926 0.014456 -0.045143 -0.062652 0.092136 0.133381 -0.040747 
-0.005090 -0.003703 -0.040158 0.017871 0.020138 -0.024901 -0.002366 -0.032407 -0.001883 -0.147184 -0.047234 -0.089613 0.020124 0.020696 0.065435 0.004741 -0.007643 -0.052853 -0.055641 -0.066739 0.032675 0.071221 -0.008619 0.042968 0.104527 -0.033912 -0.035940 0.001701 -0.099441 0.094234 0.101317 -0.019024 
-0.020413 -0.053520 -0.023649 0.035117 0.005981 -0.015046 0.027253 -0.008273 -0.021301 -0.215940 0.053858 -0.103258 0.002494 0.109283 0.037848 0.037581 0.055486 -0.042429 -0.157384 -0.081131 0.031650 0.072109 -0.075592 0.080851 0.143183 -0.044277 -0.015440 0.051076 -0.114670 0.079007 0.058218 -0.007329 
-0.029800 -0.143867 -0.013745 0.053673 -0.009247 -0.010775 0.087729 0.033939 -0.038123 -0.226383 0.051127 -0.072732 -0.003050 0.087211 0.077594 0.019810 0.059918 -0.024133 -0.041687 0.001805 0.000908 0.031197 -0.029281 0.024243 -0.029099 -0.078006 0.068409 0.023726 -0.060584 0.003392 0.082980 -0.001526 
-0.003562 -0.182306 -0.002510 0.134236 0.020593 -0.001022 0.150457 0.051751 -0.021379 -0.197171 -0.001357 0.011236 0.017400 0.037123 0.026165 -0.017637 0.090818 0.025239 0.074023 0.040654 -0.048912 -0.012247 0.059420 -0.037121 -0.191095 -0.060883 0.188357 0.054443 0.012178 -0.065544 0.013102 -0.027796 
-0.010711 -0.038978 0.021641 0.018128 0.003540 -0.003594 0.029128 0.000882 -0.023613 -0.158293 0.065713 -0.056117 -0.021144 0.110963 -0.022237 0.034373 0.061360 -0.018439 -0.167422 -0.072410 0.011021 0.030154 -0.039910 -0.005807 0.092278 0.022426 0.060858 0.072149 -0.046708 -0.000397 -0.017953 -0.017121 
0.001604 0.002832 0.000803 -0.005274 0.015109 -0.016136 -0.006531 -0.023165 -0.000438 -0.092850 -0.035022 -0.048312 -0.007273 0.013002 0.003632 -0.000217 0.014076 -0.024655 -0.057671 -0.039153 0.008338 0.025209 0.033618 -0.034396 0.059088 0.041641 0.012819 0.035200 -0.035564 -0.014626 0.032340 -0.025766 
0.006185 0.058475 -0.024893 -0.037175 0.019107 -0.042798 -0.037553 -0.041913 0.024837 -0.025511 -0.153636 -0.038780 0.010843 -0.117604 0.043591 -0.044371 -0.050973 -0.050976 0.069347 0.015835 0.052084 0.035582 0.124825 -0.086511 -0.028588 0.074993 0.066821 -0.007952 0.018917 -0.012518 0.062130 -0.033156 
0.002463 0.168080 -0.136484 -0.070991 -0.000142 -0.053769 -0.139684 -0.087917 0.059874 0.007064 -0.066238 -0.111041 -0.005337 -0.081490 0.009107 -0.051594 -0.042681 0.045556 -0.093714 -0.008363 -0.042080 -0.017430 -0.031609 -0.001219 0.006639 -0.110636 0.075719 0.038312 -0.081411 -0.076286 0.005031 0.017376 
0.002460 0.062396 -0.031204 -0.026408 0.024750 -0.042569 -0.031270 -0.048558 0.018988 -0.051855 -0.165795 -0.047546 0.014711 -0.111244 0.069508 -0.046675 -0.048367 -0.064651 0.084473 0.007423 0.062561 0.073016 0.095949 -0.054850 0.020098 0.030933 0.120550 -0.043533 -0.039562 0.048001 0.050266 -0.061655 
-0.004685 0.000569 -0.005040 0.000755 0.016194 -0.016907 -0.003853 -0.027512 -0.002388 -0.122261 -0.043735 -0.063413 -0.000743 0.019885 0.030741 -0.001230 0.004503 -0.042001 -0.040738 -0.054958 0.019498 0.058092 0.012181 0.011604 0.088081 -0.011669 0.050463 -0.009650 -0.099759 0.052670 0.033079 -0.054823 
-0.018957 -0.048389 0.018017 0.018608 0.003876 -0.005877 0.031093 -0.006768 -0.022868 -0.186666 0.059326 -0.071245 -0.013824 0.113043 0.002428 0.030351 0.054222 -0.031200 -0.154587 -0.097681 0.016085 0.063763 -0.071813 0.037959 0.122679 -0.024949 0.083365 0.042657 -0.113388 0.044483 -0.020300 -0.049739 
-0.162610 0.056241 -0.118504 0.059701 -0.048249 -0.050760 0.128754 0.265951 0.341609 0.110738 -0.135518 -0.115490 -0.099648 0.109674 -0.111021 -0.001668 0.147996 0.053026 0.009899 0.133886 -0.140765 0.281420 -0.073423 0.022914 0.003341 -0.107082 0.045444 0.043043 0.113012 0.091742 0.026333 -0.017815 
-0.126385 0.047294 -0.133937 0.006951 0.013249 -0.040862 0.155073 0.099923 0.231954 0.071355 0.035571 -0.020532 0.035789 -0.047152 -0.111682 -0.081486 -0.017762 -0.053309 -0.092581 0.109210 -0.084614 0.095902 -0.156798 0.015064 -0.006130 -0.034144 0.003810 0.096272 0.077562 0.068091 0.099806 -0.014524 
-0.102062 0.032861 -0.162514 -0.033062 0.053235 -0.049172 0.211614 -0.062326 0.101859 0.069886 0.111347 0.021553 0.111715 -0.109087 -0.102102 -0.084144 -0.067478 -0.113830 -0.119393 0.125400 0.016227 -0.026306 -0.082905 -0.025672 0.026668 -0.039523 -0.030999 -0.025383 0.025944 0.101807 0.084352 0.066410 
-0.103049 0.018892 -0.134116 -0.057506 0.085295 -0.075070 0.225640 -0.144405 0.031393 0.080863 0.113508 0.010296 0.120999 -0.101779 -0.075648 0.016479 0.046589 0.002806 -0.048924 0.074128 0.075176 -0.057257 -0.024087 -0.108163 0.000415 -0.032716 -0.006385 -0.099955 -0.072957 0.116279 -0.045920 0.001768 
-0.118193 0.025507 -0.074301 -0.045187 0.102224 -0.106225 0.190977 -0.183406 -0.056988 0.115954 0.028488 -0.058072 0.051232 -0.020783 -0.033793 0.115688 0.196134 0.252206 -0.028922 0.014279 0.144263 -0.020323 -0.035891 -0.202846 -0.042035 0.024356 0.035187 -0.020364 -0.137666 0.082970 -0.123162 -0.133798 
-0.114891 0.034303 0.020158 -0.083090 0.110950 -0.093523 0.195756 -0.222891 0.000049 0.062378 -0.038594 -0.070011 -0.031324 0.025951 -0.050989 0.152416 0.124236 0.226855 0.058619 -0.083728 0.147437 -0.100354 -0.048409 -0.093370 0.021067 -0.021501 0.075465 0.053350 0.030439 -0.009232 0.022077 0.013296 
-0.119054 0.041814 0.080899 -0.118384 0.117569 -0.039798 0.217612 -0.186713 0.061424 -0.013021 0.032289 -0.004352 0.013718 -0.012923 -0.047337 0.052392 -0.028514 -0.072800 0.060538 -0.120286 0.150527 -0.131318 -0.040075 0.022865 0.116495 -0.044144 -0.033261 0.089726 0.090247 -0.019005 -0.099180 0.032243 
-0.127589 0.061951 0.116807 -0.112203 0.096946 -0.015793 0.192008 -0.110133 0.094506 -0.035109 0.018385 -0.023107 0.025450 -0.012428 0.016356 0.017251 -0.176952 -0.179326 0.003953 -0.063761 0.066204 -0.145205 -0.061318 0.093348 0.079680 -0.044576 -0.080078 0.067574 0.066271 -0.015407 -0.079506 0.025660 
-0.167628 0.091833 0.139020 -0.044339 0.035606 0.000881 0.140626 0.061244 0.127579 -0.010045 -0.033982 -0.070995 0.103294 0.045499 0.188113 0.007461 -0.231605 -0.093872 -0.032287 0.031444 -0.029025 -0.159186 -0.067659 0.097096 -0.001771 0.025395 -0.072496 0.072185 0.056974 0.001864 -0.142344 -0.072921 
-0.222999 0.110008 0.166622 0.025815 -0.046455 0.011291 0.094730 0.225386 0.142132 0.063790 -0.141547 -0.151380 0.152901 0.227167 0.341995 0.020984 -0.125819 0.080700 -0.003875 0.147870 -0.103510 -0.112049 0.060838 0.026481 0.002360 -0.001735 0.003516 -0.121181 0.009356 -0.055520 -0.272688 -0.184306 
-0.070808 -0.009120 -0.026210 -0.021131 0.142808 0.065134 -0.022932 0.014346 -0.041991 -0.045258 -0.015726 -0.053231 -0.016220 -0.057895 0.037959 -0.002569 0.045020 0.182753 -0.004760 -0.023426 0.187006 -0.127475 -0.068984 0.003608 0.016304 0.251609 -0.074162 -0.005424 0.119073 -0.056019 0.243802 -0.201573 
-0.043040 -0.021279 -0.039675 -0.068987 0.072616 0.041839 -0.035553 0.021125 -0.047249 -0.046312 -0.091650 0.065314 0.014862 0.021630 0.037385 -0.038912 0.087192 0.090884 0.018938 -0.029993 0.108400 -0.132754 -0.144603 0.001875 0.000511 0.132799 -0.035265 -0.036656 0.070582 0.018957 0.115565 -0.120813 
-0.013099 -0.033833 -0.057395 -0.120972 0.001638 0.013844 -0.045488 0.024128 -0.045381 -0.032691 -0.171503 0.182971 0.047618 0.089191 0.036425 -0.062833 0.142780 0.003517 0.032819 -0.024918 0.029621 -0.141110 -0.194478 0.017932 -0.023168 0.021631 -0.032996 -0.040413 0.052797 0.099430 0.006638 -0.055234 
0.014253 -0.043439 -0.071519 -0.170923 -0.067274 -0.016635 -0.054486 0.025628 -0.042909 -0.014397 -0.245480 0.284048 0.076878 0.161979 0.032496 -0.077883 0.209676 -0.089568 0.033273 -0.021634 -0.058239 -0.152057 -0.222782 0.045212 -0.019896 -0.097913 -0.058598 -0.076842 0.020694 0.196959 -0.081829 -0.016686 
0.007477 -0.081618 -0.029910 -0.076472 -0.022163 0.011163 -0.087683 0.002195 -0.019605 -0.015751 -0.113156 0.056018 0.037931 0.020207 -0.034383 -0.088665 -0.106448 0.076275 -0.144134 0.065121 0.063580 0.042569 -0.085946 -0.025882 0.006452 -0.031628 -0.032174 0.120340 0.114240 0.111163 0.062736 0.001562 
0.011139 -0.078719 -0.039792 -0.088259 -0.031509 0.003203 -0.088662 -0.003480 -0.017413 0.000271 -0.122991 0.075337 0.032618 0.028238 0.000050 -0.043599 -0.023300 0.057471 -0.089841 0.045665 0.056588 -0.005710 -0.127373 0.039749 -0.032548 -0.025521 0.011691 0.121196 -0.055707 0.006174 0.040378 -0.015242 
0.016747 -0.068425 -0.033101 -0.106148 -0.042105 -0.005195 -0.093571 -0.003252 -0.013278 0.019877 -0.141296 0.098239 0.026182 0.038549 0.027194 -0.013311 0.023222 0.027468 -0.051849 0.024616 0.042335 -0.046240 -0.151009 0.086312 -0.079250 -0.032065 0.057885 0.101376 -0.123572 -0.012793 -0.031447 -0.016148 
0.011518 -0.080232 -0.015629 -0.092422 -0.032834 0.001990 -0.089949 0.000905 -0.020972 0.041678 -0.110830 0.089378 0.020248 0.033745 0.015915 -0.008552 -0.034952 0.085307 -0.070805 0.028856 0.054686 -0.052184 -0.139190 0.026374 -0.099375 0.008474 0.040136 0.008345 -0.121948 0.062586 -0.075155 -0.079851 
0.005555 -0.083743 -0.019684 -0.073439 -0.019149 0.007666 -0.095805 0.012232 -0.029099 0.058131 -0.090164 0.082750 0.022310 0.034570 0.016901 0.007638 -0.121652 0.124873 -0.099280 0.038547 0.060200 -0.051425 -0.086080 -0.019566 -0.155881 0.034615 0.037963 -0.058363 -0.078303 0.180599 -0.107838 -0.116726 
-0.049163 -0.016282 -0.132207 0.052145 0.087552 0.078383 -0.070295 0.069966 0.006733 0.025127 0.114393 -0.079170 -0.035812 -0.098023 -0.031637 -0.085551 0.034260 -0.043249 -0.071715 0.111162 -0.045153 0.027413 -0.074832 0.049430 -0.100690 0.107424 0.026539 -0.051897 -0.109445 -0.033795 -0.107162 0.013996 
-0.062681 0.002720 -0.117147 0.030493 0.112654 0.057038 -0.063566 0.076516 -0.000790 0.057968 0.129108 -0.077681 -0.058790 -0.194034 -0.013827 -0.021501 0.194945 -0.139099 -0.020951 -0.053653 -0.164209 -0.047216 -0.076934 -0.005145 -0.080876 0.056135 -0.001550 -0.151366 0.006616 0.064699 -0.081738 -0.119177 
-0.060870 0.007231 -0.099162 0.023541 0.116719 0.052975 -0.077943 0.075988 -0.018912 0.054986 0.118379 -0.070836 -0.061627 -0.166439 -0.006231 -0.010003 0.171530 -0.103542 -0.015095 -0.045333 -0.102100 -0.042120 -0.054430 -0.024383 -0.070447 0.047844 -0.007643 -0.140867 0.049289 0.102239 -0.107740 -0.097239 
-0.061271 -0.009933 -0.074183 0.027667 0.104064 0.089905 -0.083036 0.054611 -0.040969 0.017161 0.066002 -0.057724 -0.038106 -0.027491 -0.033383 -0.059233 -0.057495 0.084170 -0.062052 0.096381 0.132812 0.009311 -0.026879 -0.015465 -0.003377 0.081877 -0.045494 -0.090228 0.030092 0.058908 -0.139219 -0.017977 
-0.048562 -0.043647 -0.087667 0.038267 0.103935 0.117829 -0.090585 0.052270 -0.028879 0.009657 0.085143 -0.083039 -0.046367 -0.001596 -0.033018 -0.048105 -0.051075 0.052992 -0.079957 0.145867 0.091881 0.030520 0.018662 0.027457 -0.094258 0.043722 -0.045175 -0.079949 -0.019677 0.036338 -0.044866 -0.005565 
-0.052765 -0.049924 -0.108674 0.053399 0.088558 0.113405 -0.087415 0.054456 -0.012026 0.011413 0.095358 -0.080536 -0.035235 -0.020982 -0.039535 -0.065446 -0.042237 0.015724 -0.090878 0.143159 0.047516 0.028396 0.020776 0.061676 -0.122891 0.034260 -0.045151 -0.075123 -0.048202 0.021218 -0.086346 -0.005640 
-0.069824 -0.000086 0.038965 -0.014722 0.119393 0.092526 -0.091609 0.044029 -0.050579 -0.005513 0.021446 -0.038810 -0.089553 -0.005461 -0.014542 -0.001024 -0.109063 0.072500 -0.024838 0.057627 0.146163 -0.024455 -0.003444 -0.010284 0.096202 -0.080695 0.036608 0.108937 0.117505 0.090974 -0.054494 0.009696 
-0.073906 0.020581 0.065550 -0.036250 0.142283 0.070751 -0.099244 0.053274 -0.037082 0.021105 0.047970 -0.047143 -0.131235 -0.142730 0.046858 0.092322 0.087878 -0.113904 0.061187 -0.124464 -0.090246 -0.101586 -0.026517 -0.000548 0.029821 -0.078121 0.071779 0.040439 0.097549 0.117850 0.017069 -0.078031 
-0.084093 0.019657 0.088135 -0.032875 0.143978 0.077518 -0.093574 0.051767 -0.029084 0.019953 0.048282 -0.055979 -0.142543 -0.133213 0.073838 0.107972 0.074020 -0.148200 0.077701 -0.168161 -0.122067 -0.135095 -0.021852 0.031179 -0.012511 -0.089141 0.057981 0.030165 0.019775 0.113770 0.028108 -0.077611 
-0.077732 0.004400 0.117431 -0.028858 0.117351 0.107466 -0.096154 0.048393 -0.034070 -0.007019 0.028164 -0.060902 -0.133304 -0.030122 0.057624 0.067102 -0.092634 -0.024428 0.048480 -0.021547 0.005795 -0.081226 -0.044246 0.058250 -0.000055 -0.126365 0.093904 0.119172 -0.077699 0.003646 0.024751 -0.029424 
-0.070891 -0.028670 0.090653 -0.013215 0.115244 0.133554 -0.102496 0.040208 -0.042072 0.002207 0.022201 -0.057807 -0.127981 0.016069 0.009495 0.070512 -0.138189 0.023363 0.014707 0.026086 0.070655 -0.057696 0.050936 0.063607 -0.033375 -0.163500 0.031972 0.094066 -0.014772 0.089923 0.016365 -0.003741 
-0.066799 -0.029570 0.063743 -0.009256 0.119994 0.133213 -0.106335 0.046800 -0.047549 -0.002070 0.024232 -0.057584 -0.120081 0.018683 -0.005989 0.045779 -0.140461 0.051001 -0.008023 0.057119 0.105333 -0.041070 0.056032 0.043639 0.005861 -0.135100 0.031090 0.080471 0.052317 0.094827 0.013607 0.010504 
0.072512 -0.137291 0.011413 0.088910 -0.019071 0.013112 0.008567 -0.053457 0.054968 0.016224 0.053233 -0.146438 0.132175 0.058274 -0.003809 -0.193429 -0.040454 -0.064533 0.180121 0.012250 0.057831 0.068713 -0.038240 -0.016466 0.096254 0.175188 -0.028450 0.007575 -0.066963 0.150497 -0.031323 -0.160149 
0.031363 -0.146475 -0.011004 -0.012087 -0.158957 0.001794 -0.019511 -0.025038 0.063317 -0.004212 0.076995 -0.128801 0.006133 -0.025127 -0.006154 -0.067455 -0.042154 -0.019369 0.000193 -0.026607 0.080677 -0.005104 -0.063362 -0.022910 0.100988 0.009610 -0.099780 -0.099656 0.127043 -0.035259 -0.037352 -0.113167 
0.024330 -0.135014 -0.013209 -0.080932 -0.210031 -0.025286 -0.022320 -0.011935 0.071001 -0.003927 0.042246 -0.125299 -0.045513 -0.111937 0.024484 0.033844 -0.000957 -0.024363 -0.031085 0.044868 0.080756 -0.055746 -0.114452 0.066711 0.061396 -0.071439 -0.012135 -0.152630 0.098979 -0.082951 -0.005477 0.031251 
0.022502 -0.137697 0.003983 -0.079085 -0.208139 -0.028587 -0.030198 -0.013558 0.077290 0.019795 0.026102 -0.115821 -0.056553 -0.114366 0.013486 0.045295 -0.002441 0.015895 -0.015269 0.028028 0.069668 -0.063182 -0.074773 0.053007 0.059592 -0.093814 0.020831 -0.138663 0.058647 -0.095930 0.014654 0.014197 
0.024298 -0.134278 0.018335 -0.086284 -0.208451 -0.030676 -0.022217 -0.003789 0.063934 0.025357 0.039980 -0.114782 -0.077190 -0.119616 0.009432 0.051973 0.008737 0.024815 -0.008834 0.044322 0.056599 -0.096705 -0.081728 0.037471 0.088602 -0.144553 0.032510 -0.080806 0.085975 -0.068531 0.022631 0.064358 
0.029340 -0.148509 0.045892 -0.030155 -0.155587 -0.002411 -0.013070 -0.017176 0.060092 0.051607 0.066402 -0.091139 -0.048012 -0.051429 -0.019696 -0.018504 -0.032169 0.073233 0.095371 0.014101 0.013756 -0.140295 -0.012563 -0.065664 0.075532 -0.131125 0.043895 -0.095042 -0.001756 0.062797 -0.003969 0.083090 
0.060310 -0.134113 0.094160 0.054789 -0.026111 0.013977 0.001538 -0.032457 0.058817 0.080984 0.047657 -0.104424 0.023708 0.043596 -0.026622 -0.122894 -0.014581 0.102399 0.295984 0.025604 -0.067005 -0.091774 0.007955 -0.038755 0.049748 -0.023367 0.043189 0.107814 -0.172528 0.248333 0.055082 0.027686 
0.136829 0.039960 0.075643 0.168885 0.020216 0.017213 -0.018749 -0.034999 0.068867 0.057465 0.019663 -0.019016 -0.002685 0.107694 -0.043188 0.028189 -0.021960 0.093620 0.018062 -0.026893 -0.113341 -0.187892 -0.002560 -0.076924 -0.047809 -0.047455 -0.038833 0.027537 -0.085740 0.189210 -0.024645 0.134510 
0.165775 0.117253 0.065112 0.221657 0.045285 0.026546 -0.009950 -0.054183 0.060512 0.041492 -0.049197 0.034561 -0.005005 0.057993 -0.028476 0.058966 -0.043845 0.027647 -0.072087 -0.082587 -0.085057 -0.143605 -0.058051 -0.149314 -0.065285 -0.064892 0.023272 -0.047588 0.007050 -0.039540 -0.034017 0.018223 
0.165721 0.128775 0.053509 0.228408 0.048509 0.029615 -0.006518 -0.060629 0.058221 0.024428 -0.071743 0.038403 0.008890 0.033221 -0.029062 0.049402 -0.058452 -0.028976 -0.091098 -0.092588 -0.040752 -0.067291 -0.079845 -0.163841 -0.088038 -0.045471 0.006020 -0.070204 0.035926 -0.076724 -0.050694 -0.050887 
0.162148 0.120771 0.046388 0.227986 0.052372 0.032400 -0.007894 -0.067333 0.057781 0.011350 -0.061779 0.019185 0.021963 0.053527 -0.044290 0.034493 -0.050319 -0.074480 -0.115841 -0.111889 -0.004818 -0.012681 -0.110647 -0.131176 -0.020146 -0.028971 -0.032063 -0.084223 0.052852 -0.062778 -0.055131 -0.098503 
0.131578 0.043575 0.030666 0.180198 0.036295 0.024791 -0.007223 -0.070621 0.053016 0.003760 -0.013318 -0.055389 0.046220 0.088279 -0.040049 -0.050164 -0.036610 -0.140819 -0.067115 -0.123906 0.042056 0.073554 -0.131197 -0.070551 0.122038 0.029161 -0.171915 -0.065907 0.006511 0.020866 -0.101948 -0.097081 
0.074461 -0.113365 0.007150 0.067401 -0.036676 0.008029 -0.009329 -0.057219 0.058733 0.016038 0.060618 -0.139140 0.113244 0.059722 0.001184 -0.169334 -0.054120 -0.086160 0.123964 -0.004887 0.047092 0.051497 -0.013632 -0.056937 0.086719 0.157158 -0.070914 0.059410 0.006217 0.214971 0.001671 -0.136829 
0.041866 -0.165721 0.001606 -0.039447 -0.119067 -0.008686 -0.065758 -0.060394 0.087157 0.037837 0.015322 -0.097187 0.031724 -0.063058 0.016150 -0.000324 -0.075988 0.080251 -0.120586 -0.137752 -0.054140 0.013945 -0.071586 -0.047275 -0.022536 0.013692 0.023529 -0.036043 0.035725 -0.095918 -0.056874 -0.101299 
0.038858 -0.160086 0.009436 -0.048868 -0.129877 -0.009274 -0.068853 -0.049718 0.092935 0.058714 0.000446 -0.088443 0.006775 -0.082693 0.012952 0.016964 -0.080665 0.098396 -0.105550 -0.132766 -0.068165 -0.000583 -0.033584 -0.046900 -0.046502 -0.046776 0.029578 -0.014343 0.045185 -0.091982 -0.051679 -0.078034 
0.039583 -0.165223 0.027515 -0.039731 -0.121198 -0.012527 -0.063539 -0.052489 0.087148 0.076692 0.012806 -0.075131 -0.001257 -0.076326 -0.000558 0.016681 -0.060029 0.127544 -0.082959 -0.136985 -0.083566 -0.041841 -0.023861 -0.061765 0.009553 -0.033035 0.109089 0.034466 0.057395 -0.081732 -0.036234 -0.049454 
0.070008 -0.111410 0.084019 0.045810 -0.045064 0.006408 -0.008808 -0.039047 0.058885 0.074756 0.056429 -0.087096 0.024368 0.035927 -0.043105 -0.110004 -0.023982 0.063944 0.223904 -0.000855 -0.064145 -0.086639 -0.010714 -0.109535 0.061439 -0.005413 0.019057 0.103042 -0.087952 0.231598 -0.031542 0.046849 
0.147675 0.128069 0.051954 0.169378 -0.010820 0.003256 -0.005987 0.018413 0.034732 -0.019494 0.008266 -0.038131 -0.093810 0.016749 0.012485 0.068588 0.050721 0.030006 0.068914 0.235135 0.130319 -0.148716 -0.156445 -0.012208 0.019202 -0.057775 0.077501 0.007534 0.032232 -0.015861 0.100202 0.016602 
0.147804 0.140475 0.046997 0.170300 -0.015185 0.003867 0.000131 0.016849 0.037335 -0.031348 -0.021016 -0.030106 -0.085808 -0.016604 0.015121 0.050683 0.056599 -0.016216 0.062091 0.240386 0.167002 -0.078811 -0.170643 -0.006854 -0.017745 -0.026654 0.037547 0.009172 0.086550 -0.061422 0.053061 -0.006055 
0.144505 0.133797 0.044283 0.164995 -0.009293 0.009459 0.000942 0.011598 0.030590 -0.040002 -0.006531 -0.038797 -0.077355 -0.004494 -0.004566 0.028583 0.075314 -0.047409 0.040042 0.216351 0.181335 -0.039848 -0.200977 -0.002583 0.045742 0.006846 -0.005849 -0.020927 0.103800 -0.057377 0.058855 -0.047126 
-0.127670 -0.019395 -0.152701 0.147038 -0.163494 0.009643 -0.051889 0.073861 0.124106 0.077093 -0.154740 -0.016459 -0.143296 -0.054188 -0.004884 0.132681 0.000283 -0.179110 -0.030697 -0.152982 0.221864 -0.133961 0.067400 0.022748 0.068347 0.322849 0.031875 0.131724 -0.204692 -0.040826 -0.214847 0.189689 
-0.051097 -0.020429 -0.117043 0.128734 -0.087860 0.000650 -0.113603 0.108341 0.110325 0.067408 -0.055845 0.058153 -0.139098 -0.005033 -0.005046 0.062767 0.080744 -0.087207 -0.066172 -0.048201 0.143057 -0.111192 0.087453 -0.011149 0.165013 0.089565 -0.052520 0.143784 -0.102700 0.061337 -0.026812 0.046612 
0.017957 -0.018466 -0.093775 0.047256 -0.021490 -0.051664 -0.081542 0.089379 0.118252 0.046450 0.045187 0.126112 -0.085919 -0.006485 0.060210 0.032938 0.042651 -0.050875 -0.131389 0.023528 0.067880 -0.132635 0.053977 -0.124419 0.258792 -0.053130 -0.053037 0.049822 -0.101081 0.086182 0.167605 -0.036659 
0.076150 -0.023624 -0.078167 -0.008981 0.054321 -0.102460 -0.048956 0.064253 0.142423 0.031372 0.126763 0.116783 -0.003471 0.013866 0.123614 0.046489 0.107946 0.005721 -0.085120 -0.010597 0.029402 -0.108083 0.183305 -0.098704 0.111480 -0.138063 -0.088210 -0.041771 -0.017150 0.074847 0.157693 -0.097298 
0.130211 -0.030104 -0.052876 -0.015825 0.125251 -0.167935 -0.058190 0.015453 0.159998 0.031845 0.139120 0.041757 0.029446 0.021507 0.216902 0.042933 0.145540 0.227404 -0.097266 0.027462 0.096923 -0.020958 0.326335 0.056042 -0.079156 -0.032904 -0.177023 0.067651 0.148061 -0.011254 -0.047050 -0.062333 
0.160100 -0.020591 0.073028 -0.084279 0.107579 -0.167858 0.024773 -0.052515 0.330081 0.045389 0.047619 0.054216 -0.159717 0.049050 0.074438 -0.071928 0.073000 0.077855 -0.079403 -0.005745 0.115337 0.027314 0.059227 0.127195 -0.118726 0.105137 0.018601 0.089352 -0.073859 -0.050048 -0.056527 0.040262 
0.118875 0.005525 0.134449 -0.069268 0.076843 -0.057295 -0.003943 -0.050301 0.286855 -0.017000 0.122783 0.044957 -0.022381 0.014952 0.021050 -0.125921 0.043913 -0.079991 -0.034488 -0.077230 0.047624 -0.072228 0.008826 0.224974 -0.167330 0.029708 -0.006486 -0.013198 -0.152282 -0.011729 0.110829 -0.088514 
0.047410 0.021661 0.161183 0.007024 0.010465 -0.005076 -0.042547 -0.006884 0.187181 0.015920 0.096774 0.026353 0.052461 -0.068924 0.031601 -0.125633 0.002667 -0.068815 -0.102915 -0.088212 0.047977 -0.035176 -0.014703 0.108365 -0.218496 -0.020850 0.024215 0.041247 -0.078673 0.068406 0.091879 -0.137499 
-0.037270 0.042104 0.191512 0.089159 -0.061427 0.064065 -0.070638 0.021728 0.009123 0.080157 0.027510 -0.007857 0.181834 -0.111970 -0.066892 -0.117558 0.170382 -0.004936 -0.090062 -0.088847 0.137662 0.024059 0.036565 0.044429 -0.162578 -0.106512 0.079351 0.176221 0.020320 0.069439 -0.023100 -0.160700 
-0.127659 0.052831 0.218080 0.149029 -0.180044 0.153963 -0.040584 0.044709 -0.113100 0.127123 -0.064102 -0.061822 0.324255 -0.207728 -0.079543 -0.104631 0.330930 -0.004692 -0.122172 0.015971 0.201722 -0.006146 0.123772 -0.056887 -0.002298 -0.148188 -0.047997 0.212921 -0.003430 -0.067818 -0.126340 0.094468 
0.100186 -0.056201 0.014654 -0.027183 0.059819 -0.079554 -0.075739 0.015997 0.041974 0.016190 -0.029544 0.058843 -0.004355 0.065751 0.072960 0.023367 0.002651 -0.077708 -0.082110 0.020636 0.120327 0.021310 0.178826 0.017509 0.060449 0.017252 0.207272 -0.220074 0.255053 0.194187 -0.104346 0.080808 
0.134302 -0.074849 -0.015916 -0.047774 0.133455 -0.024532 -0.023605 0.046369 0.009748 0.029096 -0.025644 -0.016988 0.052106 0.065170 0.023676 -0.008297 0.007731 -0.082746 -0.050340 -0.003574 0.095542 0.000070 0.077049 0.005387 0.095145 -0.047716 0.175535 -0.154723 0.145047 0.079484 -0.095895 0.064032 
0.177157 -0.088072 -0.044813 -0.066027 0.207154 0.014408 0.022835 0.081817 -0.016908 0.045492 -0.052223 -0.093208 0.092817 0.065713 -0.017032 -0.036526 0.068798 -0.063460 -0.035263 -0.007451 0.064335 -0.039349 0.038344 0.014502 0.121995 -0.030278 0.168708 -0.047178 0.076399 -0.042626 -0.075266 0.051585 
0.213772 -0.098660 -0.072712 -0.095885 0.263880 0.057031 0.068645 0.127569 -0.046042 0.071869 -0.081866 -0.152551 0.141280 0.087141 -0.040169 -0.064121 0.109790 -0.075835 -0.010199 -0.018595 0.008590 -0.094326 -0.002782 0.053050 0.140328 -0.042802 0.097662 0.010519 -0.005431 -0.161484 -0.033603 0.067955 
0.111146 -0.052125 -0.039589 -0.056411 0.086749 -0.038454 -0.029609 0.022565 0.017300 0.010442 -0.148171 -0.077020 0.092748 -0.069315 -0.135127 -0.090974 0.048732 -0.056533 0.066270 0.111576 -0.007348 0.004381 0.048222 0.071304 0.086447 -0.012128 0.038070 0.225025 0.169355 -0.076066 -0.065222 -0.034644 
0.119518 -0.087339 -0.028727 -0.033307 0.159843 0.030709 -0.022978 0.042531 0.005707 0.031433 -0.094033 -0.125201 0.077877 -0.053727 -0.084565 0.014892 -0.010216 0.038907 0.021884 0.091222 -0.040355 0.017035 -0.075761 0.039488 0.085446 -0.044226 -0.121973 0.178273 -0.005398 -0.091853 0.035171 -0.009343 
0.138929 -0.109301 -0.038418 -0.027398 0.194737 0.068161 0.004518 0.036800 -0.010392 0.052822 -0.055931 -0.143842 0.076298 -0.031117 -0.016929 0.110291 -0.086218 0.092566 -0.012656 0.027910 -0.043641 -0.017826 -0.117866 0.072061 -0.060839 0.087307 -0.102415 0.097614 -0.087840 -0.103232 0.044129 0.050442 
0.123241 -0.082695 -0.052528 -0.018814 0.152091 0.026223 -0.018590 0.038210 -0.006586 0.090292 -0.044708 -0.134971 0.110901 0.015608 0.022078 0.154558 -0.002515 0.059595 0.018546 -0.085825 -0.043967 0.037662 -0.056542 0.037309 -0.035739 0.012674 -0.177575 -0.032934 -0.096480 -0.043342 -0.016870 0.061163 
0.109359 -0.058783 -0.044116 -0.013742 0.100037 -0.018586 -0.056347 0.019161 -0.024171 0.095644 -0.041061 -0.114625 0.169554 0.027434 0.073217 0.195601 0.088374 -0.003206 0.051965 -0.124523 -0.021193 0.149033 -0.004197 0.008604 -0.020540 -0.091475 -0.085112 -0.024449 -0.028010 0.040116 -0.117547 0.081288 
-0.048819 -0.058496 -0.182944 0.159195 -0.060102 0.037492 -0.059687 -0.161319 -0.084838 0.032177 0.055535 0.056391 0.016070 0.046550 0.013412 0.017124 -0.055227 -0.007413 0.020739 -0.020339 0.042022 -0.027660 0.058063 0.091148 0.023449 0.121671 0.086138 0.171646 0.234981 -0.028792 -0.085115 -0.184425 
-0.016787 -0.034199 -0.155580 0.119062 -0.077118 0.018045 -0.025200 -0.142578 -0.033074 0.039494 0.029030 0.026100 0.058529 0.065274 0.072438 0.102829 0.013954 -0.015913 0.016131 0.066091 -0.080928 -0.069103 0.049484 0.180052 0.021632 -0.055251 -0.060621 0.102871 0.076161 0.029996 0.064714 -0.158486 
-0.006105 -0.014942 -0.132981 0.095468 -0.053630 0.005874 -0.013353 -0.132733 -0.014940 0.052133 0.030401 -0.004328 0.059155 0.026928 0.061046 0.139171 0.040427 -0.015318 0.072145 0.076842 -0.100090 -0.048184 0.076674 0.148652 -0.042713 -0.173253 -0.045070 0.040911 0.030939 0.057554 0.057057 -0.160466 
-0.000914 -0.014861 -0.100662 0.059721 -0.039040 -0.008775 -0.002506 -0.130991 -0.016230 0.014989 -0.010423 -0.076984 0.085757 -0.069931 0.104317 0.234857 0.011926 0.001686 0.020114 0.064549 -0.079026 -0.073036 -0.042226 0.082122 -0.008445 0.037548 0.087042 -0.041830 -0.063469 0.009221 0.006322 -0.059557 
-0.001723 -0.028185 -0.127765 0.112066 -0.038481 -0.005842 -0.025715 -0.139761 -0.011786 0.018908 -0.016597 -0.035174 0.032677 0.015458 0.122420 0.175309 0.035396 -0.002847 0.055646 0.078584 -0.100762 -0.028384 0.010639 0.062880 0.000659 0.032393 0.066381 0.025923 0.038935 0.050735 -0.037601 -0.015488 
-0.007857 -0.048874 -0.149596 0.129223 -0.045242 0.020073 -0.024593 -0.157734 -0.017308 0.016953 -0.014989 -0.013847 0.039950 0.051284 0.121690 0.136643 0.012716 0.007969 0.011594 0.069250 -0.081961 -0.028648 0.015288 0.105783 0.056717 0.093682 -0.020099 0.136615 0.089729 0.018129 -0.041058 -0.017297 
0.014968 -0.022615 0.108531 -0.030625 0.033584 -0.026701 0.000384 -0.139020 0.065896 0.020416 -0.069814 -0.024952 0.029031 -0.051627 -0.044864 0.097390 0.043490 -0.080865 -0.133349 0.062214 -0.026677 0.050424 -0.031714 0.139060 -0.040284 0.115814 0.245962 0.040927 0.082200 0.160903 -0.103011 0.123227 
-0.003093 -0.005830 0.123378 -0.003621 -0.017785 0.028896 -0.041486 -0.168737 0.037322 -0.001863 -0.072179 -0.010234 0.003025 -0.014615 -0.059697 0.023657 0.094080 -0.076385 -0.101919 0.113006 -0.037782 0.039741 0.076403 0.133884 0.015800 0.011606 0.044469 -0.049463 0.063026 0.076831 0.046752 -0.015511 
-0.016304 -0.013787 0.139835 0.007812 -0.004980 0.066699 -0.038946 -0.189361 0.018357 -0.009476 -0.057374 -0.030800 0.008679 0.021762 -0.061868 0.026312 0.095255 -0.028445 -0.065848 0.101957 0.015820 0.057287 0.060886 0.155097 0.012816 -0.005557 -0.095032 -0.119423 -0.014735 0.003787 0.123841 -0.068439 
-0.036090 -0.038522 0.171100 0.027585 -0.009572 0.110569 -0.042383 -0.189867 -0.027602 -0.033460 -0.046180 -0.036045 -0.000233 0.009186 -0.052105 0.015946 0.013302 -0.021382 -0.006806 0.096229 0.066533 0.067168 -0.000735 0.122342 -0.048788 0.074441 -0.106635 -0.167254 -0.063117 -0.054523 0.038987 -0.009327 
-0.007205 -0.029936 0.142602 -0.002144 0.011448 0.054702 -0.018150 -0.173762 0.019666 -0.001295 -0.089224 -0.061806 -0.013648 -0.005145 -0.029354 0.093278 0.087790 -0.031848 -0.047791 0.095654 -0.047167 0.039894 0.009016 0.113162 -0.035211 0.099719 -0.058923 -0.126191 -0.041066 0.055719 0.044431 0.093278 
0.002437 -0.023596 0.126411 -0.011106 0.005589 0.017088 -0.021015 -0.162810 0.058199 0.017440 -0.099544 -0.047196 -0.010311 -0.022562 -0.032469 0.090306 0.081802 -0.069768 -0.102428 0.094456 -0.122120 0.022061 -0.016397 0.068514 0.014273 0.090445 0.092085 -0.066165 -0.014547 0.142070 -0.011118 0.162910 
0.029334 0.223392 -0.120937 -0.069565 -0.102310 -0.004731 -0.103222 -0.036828 -0.032194 -0.011997 0.164838 -0.040399 0.146021 0.143341 -0.144096 0.030003 -0.014571 0.040774 -0.000801 -0.036108 -0.025547 0.000958 0.036242 0.092272 0.021962 -0.120473 0.114638 0.031023 -0.009611 0.045476 -0.042213 -0.040690 
0.094905 0.108778 -0.089173 -0.115939 -0.118836 0.053160 0.014577 0.050393 -0.012452 0.020021 0.087361 -0.010505 -0.004575 0.114162 -0.147850 0.022922 0.001361 -0.077056 -0.036642 -0.005244 0.029675 -0.145528 0.024925 0.009335 -0.054132 0.071855 0.159383 0.043467 0.001204 -0.005838 -0.068893 -0.059814 
0.123533 0.003770 -0.070594 -0.139415 -0.092773 0.026845 0.087550 0.054032 -0.027141 -0.002838 0.007425 -0.074693 -0.015281 0.007464 -0.050123 0.044907 -0.023390 -0.182981 0.055840 0.123603 0.042441 -0.129995 0.081147 0.014114 -0.162787 -0.003357 -0.020851 0.069466 -0.073562 -0.041971 -0.019639 -0.093585 
0.115344 -0.010169 -0.032149 -0.142821 -0.088509 0.034877 0.077903 0.037863 -0.030659 -0.018223 0.014628 -0.102351 -0.042293 0.028631 -0.033168 0.105375 0.012114 -0.147790 -0.007362 0.119103 0.043123 -0.046543 0.056739 -0.028301 -0.135385 -0.049352 -0.099956 0.102359 -0.097788 -0.004616 -0.034874 -0.074809 
0.117257 0.003009 0.011154 -0.169168 -0.079847 0.019249 0.076356 0.010647 -0.051752 0.018442 -0.003119 -0.088213 -0.101739 0.002080 0.000203 0.106894 0.040191 -0.167377 -0.002184 0.137859 0.070513 0.006650 0.060892 -0.136605 -0.082514 -0.051486 -0.098920 0.045837 -0.112219 0.012311 -0.032421 -0.095770 
0.089285 0.077508 0.019808 -0.178807 -0.089113 0.036306 0.016847 -0.009434 -0.007096 -0.032877 0.055601 -0.101866 -0.036522 0.051645 0.087084 0.045113 0.084132 -0.058205 0.079466 0.148531 0.068842 -0.034318 0.039556 -0.187735 -0.044516 0.086945 0.048514 -0.046501 -0.089197 0.022667 -0.016467 0.026856 
0.004324 0.198835 0.045991 -0.158336 -0.093425 0.035811 -0.145307 0.002837 -0.009589 -0.125701 0.153856 -0.180990 0.018506 0.112340 0.090892 -0.005788 0.150669 0.106259 0.063352 -0.014873 0.006340 0.065954 -0.032212 -0.026891 0.021048 0.093658 -0.090510 -0.007142 0.080709 0.073971 -0.030469 0.076295 
0.097750 0.141161 0.026392 -0.068865 -0.046034 0.073752 0.051406 0.000633 -0.014813 -0.044030 -0.015162 -0.073034 -0.095788 -0.063206 0.195831 -0.074314 0.006509 0.142319 -0.013589 -0.074751 0.000003 0.119487 -0.055202 -0.002444 0.006512 0.123531 -0.036318 0.084526 0.136015 0.050117 -0.003169 0.095154 
0.139474 0.047960 0.027223 0.013219 -0.052381 0.079886 0.185103 0.025478 -0.068963 0.016056 -0.055130 0.005937 -0.120370 -0.186493 0.150029 -0.017434 -0.005442 0.111598 -0.076604 -0.099524 -0.058103 0.100202 -0.035654 0.038830 0.012508 -0.000658 -0.060497 0.066665 0.079722 0.142275 0.012077 0.022504 
0.135698 0.032853 -0.025995 0.059223 -0.043914 0.100993 0.215069 0.037016 -0.071171 -0.006376 -0.032517 0.010760 -0.065507 -0.148230 0.056919 -0.042133 -0.033954 0.109405 -0.101728 -0.075055 0.005938 0.041755 -0.013549 0.110257 0.039366 0.018071 0.052085 0.056953 0.050230 0.144456 0.021841 0.001465 
0.134227 0.041096 -0.061485 0.054966 -0.056764 0.084437 0.213343 0.055314 -0.052393 0.011308 -0.027370 0.021602 -0.013330 -0.140458 0.009733 -0.079107 -0.082394 0.100616 -0.025509 -0.086411 0.004174 -0.036076 0.009054 0.186944 -0.031461 0.053258 0.150028 0.014613 0.049660 0.122103 0.020441 0.011679 
0.091513 0.134030 -0.116428 0.016728 -0.080013 0.082029 0.104084 0.018085 -0.027354 0.032150 0.078124 -0.022941 0.044163 -0.037802 -0.084995 -0.134114 -0.091533 0.133474 -0.008039 -0.109529 -0.007892 -0.148899 0.041573 0.097925 0.048025 0.040445 0.199117 -0.109140 -0.047717 -0.038369 0.062078 -0.039950 
0.039624 0.253230 -0.100188 -0.082036 -0.064970 0.016263 -0.088788 0.010698 -0.013891 -0.041645 0.138828 -0.069040 0.112394 0.174971 -0.109718 0.055792 -0.043798 0.025729 -0.054612 -0.027360 0.036663 0.001664 -0.042717 0.175052 0.041398 -0.063698 0.045263 0.022938 -0.035608 0.013511 0.027593 -0.009450 
0.107480 0.009787 -0.060226 -0.083488 -0.074567 0.034945 0.059688 0.035237 -0.019732 -0.013617 -0.023118 -0.014135 0.041612 0.026587 -0.059716 0.051098 -0.073035 -0.121685 -0.039252 -0.051624 -0.049556 -0.068248 0.055507 -0.058828 -0.149640 0.107282 -0.027147 0.087519 0.153781 0.055056 0.036505 -0.031854 
0.106622 -0.003861 -0.021348 -0.099473 -0.070178 0.052940 0.061288 0.031461 -0.019104 -0.020812 -0.018499 -0.044968 0.000296 0.018823 -0.027740 0.095604 -0.048958 -0.112997 -0.102798 -0.035527 -0.071991 0.001553 0.025803 -0.115849 -0.127057 0.024527 -0.124135 0.145897 0.129750 0.085928 0.040547 -0.017936 
0.099110 0.010502 0.036882 -0.130805 -0.078845 0.027013 0.053483 0.004597 -0.037911 -0.001205 -0.036378 -0.035327 -0.044486 -0.011252 0.014448 0.110590 -0.005294 -0.106933 -0.100168 -0.008829 -0.039386 0.052912 0.051532 -0.215856 -0.091016 0.055316 -0.098031 0.095330 0.149157 0.121476 0.032213 -0.016403 
0.028004 0.226894 0.023564 -0.130075 -0.083078 0.026565 -0.107154 -0.001028 -0.031965 -0.082441 0.154939 -0.156561 0.011600 0.088391 0.059746 -0.043768 0.117637 0.096381 0.031384 -0.037298 -0.019471 -0.011911 -0.082806 -0.023826 -0.035251 0.152668 0.054600 0.036817 0.086273 0.096746 -0.042278 0.077595 
0.134031 0.066380 0.033211 -0.032357 -0.052881 0.055878 0.125886 0.036614 -0.086323 -0.015670 -0.071590 0.038155 -0.125581 -0.112508 0.087640 0.043625 0.069072 0.062524 -0.018971 0.019054 -0.005686 0.107858 0.030051 0.104346 0.099672 -0.109073 -0.122930 -0.020258 -0.095912 0.104783 -0.177058 -0.071379 
0.136503 0.052062 -0.025896 0.007574 -0.042908 0.068754 0.150283 0.049774 -0.067584 -0.033491 -0.036563 0.046275 -0.076289 -0.108802 0.035446 -0.013211 0.035519 0.074173 0.001881 0.011113 0.029676 0.032394 0.039140 0.168346 0.109882 -0.092465 -0.106862 -0.037770 -0.143106 0.047406 -0.169767 -0.087501 
0.128717 0.065942 -0.069026 0.010173 -0.058821 0.055130 0.146527 0.062138 -0.051715 -0.023275 -0.042414 0.062661 -0.040407 -0.097958 -0.000170 -0.056738 0.005825 0.052625 0.081622 0.015050 0.039520 -0.053590 0.084135 0.214255 0.067782 -0.036374 -0.005244 -0.128133 -0.144167 0.012225 -0.152893 -0.083695 
# The variances of the components (eigenvalues) of identity or combined identity and expression model
1
32
6
440.568563 348.267724 258.176898 158.822108 129.944287 110.045102 74.920301 64.103548 54.641760 39.545215 36.676344 31.215370 29.972900 22.199493 20.407369 17.614554 12.651972 10.796969 9.472633 9.060509 7.384158 5.845468 4.290567 3.094468 2.205294 2.103393 1.662684 1.186149 0.669309 0.585443 0.354509 0.307398 
