# The mean values of the components (in mm)
204
1
6
-74.907476 
-73.885990 
-71.489258 
-67.482519 
-60.629789 
-49.691406 
-35.497591 
-18.891692 
0.105636 
19.085146 
35.647665 
49.792618 
60.675798 
67.467724 
71.412137 
73.748052 
74.707721 
-58.458668 
-49.527553 
-38.577366 
-27.361808 
-16.609493 
16.437446 
27.173888 
38.379921 
49.329869 
58.272633 
-0.044580 
-0.019917 
0.004603 
0.028615 
-12.698018 
-6.535473 
0.041603 
6.612439 
12.762422 
-43.886056 
-36.751464 
-28.218240 
-21.229092 
-28.717232 
-36.629921 
21.119565 
28.093004 
36.622605 
43.765142 
36.521022 
28.611100 
-26.653333 
-19.053937 
-9.906007 
0.059738 
10.017459 
19.165211 
26.764528 
19.820436 
10.655324 
0.089141 
-10.485863 
-19.676019 
-20.099832 
-10.413211 
0.066036 
10.540162 
20.221242 
10.704606 
0.073169 
-10.566624 
-28.812217 
-9.662052 
9.454018 
28.239136 
45.813647 
60.982433 
73.280172 
82.547123 
85.839987 
82.491573 
73.176472 
60.837946 
45.637786 
28.043667 
9.247651 
-9.875205 
-29.028947 
-57.238019 
-63.739913 
-66.320592 
-65.657067 
-62.730330 
-62.772247 
-65.732441 
-66.431039 
-63.884164 
-57.408209 
-43.494093 
-32.323206 
-21.219201 
-10.154099 
1.865699 
3.812307 
4.550229 
3.795547 
1.833301 
-39.575745 
-44.012326 
-44.271766 
-40.257729 
-37.775364 
-37.398870 
-40.324420 
-44.356723 
-44.121200 
-39.703605 
-37.507475 
-37.862166 
30.198595 
23.732715 
19.281161 
19.985394 
19.255417 
23.681657 
30.124395 
37.039208 
41.464305 
42.768918 
41.494874 
37.095259 
29.677178 
26.828533 
26.647927 
26.799121 
29.618278 
31.751934 
32.973459 
31.783409 
64.083586 
59.604237 
55.630937 
51.270408 
45.264067 
38.374113 
30.298802 
21.248638 
16.868691 
21.260056 
30.328419 
38.423826 
45.328428 
51.345204 
55.721454 
59.708635 
64.196230 
14.422033 
8.686064 
2.801790 
-2.729174 
-7.926259 
-7.862783 
-2.662158 
2.869104 
8.753808 
14.496714 
-20.448168 
-30.505334 
-40.604505 
-50.582207 
-32.451571 
-35.110317 
-36.937315 
-35.089217 
-32.412092 
5.389048 
2.570176 
0.218247 
-2.269159 
-0.023830 
2.115026 
-2.270098 
0.239954 
2.611755 
5.453688 
2.158551 
-0.000314 
-13.185956 
-22.510052 
-29.160533 
-32.817646 
-29.120915 
-22.445438 
-13.108197 
-20.287321 
-26.767387 
-29.589010 
-26.786669 
-20.332165 
-18.723657 
-27.229468 
-31.286473 
-27.203927 
-18.701761 
-23.325596 
-25.935592 
-23.339431 
# The principal components (eigenvectors) of identity or combined identity and expression model
204
23
6
0.091320 0.067697 -0.110358 0.031348 -0.109998 -0.043192 -0.136032 -0.076720 0.087824 0.044042 -0.013550 0.008589 -0.048083 -0.092181 0.092934 -0.015199 0.030018 0.050299 -0.164361 -0.135929 -0.022901 0.070813 0.074105 
0.090053 0.056855 -0.105143 0.048205 -0.137315 -0.027200 -0.087300 -0.073239 0.091754 0.044206 0.000382 0.024519 -0.033513 -0.072470 0.101305 -0.035842 0.021397 0.073502 -0.106065 -0.105874 0.013498 0.075177 0.084792 
0.089704 0.037096 -0.101815 0.061521 -0.160838 -0.001992 -0.034754 -0.069785 0.082533 0.047880 0.022942 0.050803 -0.009335 -0.040937 0.098634 -0.041056 0.000610 0.080194 -0.043046 -0.069439 0.052146 0.067026 0.101416 
0.092485 0.016520 -0.097276 0.072709 -0.162872 0.033565 0.019760 -0.045184 0.045705 0.052218 0.056124 0.061649 0.014402 0.018886 0.066230 -0.029254 -0.042334 0.079689 0.017926 -0.003587 0.072472 0.044603 0.107001 
0.088267 -0.001223 -0.083113 0.089495 -0.137565 0.075158 0.064326 -0.008052 -0.005583 0.053838 0.085757 0.042769 0.035269 0.069824 0.027312 -0.002588 -0.087080 0.069913 0.071855 0.081360 0.051892 0.017443 0.115903 
0.064175 -0.005923 -0.058178 0.096330 -0.095137 0.075500 0.064835 0.007740 -0.035258 0.050938 0.080419 0.003705 0.045576 0.073251 0.009771 0.007396 -0.093796 0.041737 0.075597 0.127960 0.018923 0.003372 0.125910 
0.032382 -0.002427 -0.034665 0.084426 -0.047610 0.038783 0.041234 0.015571 -0.038826 0.063202 0.043756 -0.026921 0.039418 0.037133 0.004837 -0.005497 -0.064320 -0.007338 0.030904 0.107632 -0.007177 0.006613 0.123277 
0.005362 0.001106 -0.015642 0.055153 -0.011213 0.004162 0.013564 0.007189 -0.023601 0.083772 0.018270 -0.025876 0.032027 0.004950 0.005615 -0.010527 -0.007367 -0.061217 -0.009623 0.033935 -0.007461 0.039074 0.142511 
0.001031 -0.000548 -0.000264 -0.000520 0.000206 0.000378 -0.000761 0.000710 0.001245 0.111872 0.001626 -0.001134 0.022890 0.003820 0.001163 0.006304 0.030369 -0.102361 -0.013169 -0.024623 -0.002881 0.005597 0.149742 
-0.003832 -0.001882 0.015328 -0.055899 0.011886 -0.003668 -0.014712 -0.005913 0.026117 0.082582 -0.014875 0.024610 0.032341 0.001382 -0.004014 0.016624 -0.006765 -0.061810 -0.002180 0.034345 -0.035194 -0.029396 0.143895 
-0.031542 0.001959 0.034646 -0.084730 0.048614 -0.038748 -0.041976 -0.014182 0.041330 0.060347 -0.040502 0.026823 0.041509 -0.031785 -0.004173 0.002464 -0.061396 -0.003610 -0.022907 0.114465 -0.084218 0.000325 0.122210 
-0.064081 0.005685 0.058498 -0.096256 0.096384 -0.075900 -0.065480 -0.005899 0.037385 0.046327 -0.077663 -0.002871 0.049507 -0.068448 -0.010635 -0.016896 -0.089363 0.049733 -0.053557 0.137522 -0.121203 0.001117 0.119090 
-0.088811 0.001207 0.083734 -0.089214 0.138583 -0.076308 -0.065254 0.010207 0.007104 0.049076 -0.084949 -0.041488 0.036841 -0.065810 -0.029573 -0.009323 -0.083644 0.074085 -0.046499 0.087602 -0.112927 -0.015765 0.105258 
-0.093338 -0.016415 0.097998 -0.072403 0.163322 -0.035482 -0.020914 0.047214 -0.044929 0.049145 -0.057297 -0.060576 0.009516 -0.016434 -0.068860 0.020221 -0.042707 0.072140 0.001044 -0.010845 -0.064012 -0.044385 0.097207 
-0.090565 -0.036989 0.102454 -0.061241 0.160693 -0.000469 0.033575 0.071524 -0.082226 0.047179 -0.025410 -0.050431 -0.019105 0.041642 -0.100474 0.036418 -0.003779 0.063417 0.054843 -0.091093 0.012150 -0.066716 0.097995 
-0.090943 -0.056818 0.105747 -0.047844 0.136781 0.024578 0.086293 0.074901 -0.092023 0.045773 -0.003807 -0.024785 -0.043866 0.071633 -0.102204 0.033835 0.016933 0.048663 0.112631 -0.132337 0.082004 -0.074648 0.089125 
-0.092315 -0.067689 0.110953 -0.030883 0.109131 0.040413 0.135033 0.078171 -0.088581 0.047146 0.009482 -0.009455 -0.056966 0.090377 -0.093138 0.014716 0.029261 0.018026 0.163776 -0.157569 0.142363 -0.070135 0.085600 
0.058537 -0.009903 -0.067255 -0.026008 0.081110 0.164341 -0.233081 0.078101 -0.035015 -0.070783 -0.017167 -0.007394 0.057358 0.086467 -0.024547 0.048349 -0.056198 -0.134009 -0.137372 0.093417 0.125693 -0.105378 0.088218 
0.046783 -0.016744 -0.042635 -0.030362 0.097473 0.186509 -0.142013 0.054124 -0.007578 -0.077677 -0.104050 -0.023043 0.074340 0.107853 0.023404 0.029266 -0.109087 -0.173086 -0.100872 0.070859 0.073751 -0.043594 0.051411 
0.037822 -0.005621 -0.030037 -0.008652 0.096784 0.166748 -0.015735 0.022319 0.027049 -0.077875 -0.182382 -0.011177 0.056973 0.098715 0.025433 -0.017646 -0.127515 -0.145490 -0.063487 0.052270 0.023116 0.010355 0.004992 
0.031842 0.009393 -0.022501 0.023745 0.092844 0.127249 0.111292 -0.002709 0.062522 -0.074558 -0.240922 0.020053 0.018223 0.074236 -0.000653 -0.085055 -0.126882 -0.098866 -0.032713 0.044542 -0.001878 0.040214 -0.038295 
0.025897 0.024767 -0.016090 0.053409 0.087370 0.086632 0.228057 -0.019734 0.095009 -0.069126 -0.280723 0.055079 -0.031099 0.041694 -0.034314 -0.154088 -0.120209 -0.049792 -0.004835 0.039939 -0.002989 0.053665 -0.080922 
-0.025121 -0.024547 0.015906 -0.054217 -0.088611 -0.084702 -0.226637 0.016001 -0.096775 -0.066004 0.280947 -0.056431 -0.052690 -0.040980 0.037382 0.140352 -0.159988 -0.048371 0.008326 -0.029439 0.020611 -0.055817 -0.075779 
-0.031357 -0.009150 0.022403 -0.024551 -0.093357 -0.125288 -0.110483 -0.000880 -0.064012 -0.071461 0.243276 -0.021425 0.003947 -0.072350 0.002305 0.072303 -0.149766 -0.104665 0.027648 -0.002234 0.007948 -0.039321 -0.035070 
-0.037606 0.005877 0.030041 0.007887 -0.096660 -0.164799 0.016030 -0.025726 -0.028324 -0.075031 0.186386 0.009802 0.051448 -0.096129 -0.025004 0.006258 -0.133735 -0.157940 0.049371 0.014843 -0.026932 -0.006537 0.004774 
-0.046785 0.017013 0.042753 0.029687 -0.096933 -0.184665 0.142032 -0.057164 0.006361 -0.075000 0.108881 0.021820 0.078163 -0.105623 -0.023812 -0.038141 -0.105804 -0.190414 0.079450 0.006308 -0.084686 0.049972 0.047392 
-0.058706 0.010222 0.067545 0.025524 -0.080424 -0.162766 0.233204 -0.080117 0.033794 -0.068066 0.021546 0.006650 0.067612 -0.085926 0.023750 -0.052952 -0.055762 -0.153552 0.117837 -0.040410 -0.136277 0.112227 0.082620 
0.000224 0.000083 -0.000008 0.000148 -0.000224 0.000535 0.000655 -0.000219 -0.000579 -0.072851 0.001036 0.000007 -0.035392 0.000069 0.000520 -0.002217 -0.034883 0.124364 0.013028 -0.004189 0.001328 -0.002513 -0.061067 
0.000194 0.000155 0.000018 0.000246 -0.000303 0.000301 0.000493 0.000165 -0.000343 -0.054593 0.000980 0.000273 -0.027394 0.001374 -0.000373 -0.004737 -0.071750 0.156367 0.017337 -0.019179 0.009021 -0.003384 -0.076017 
0.000167 0.000226 0.000037 0.000330 -0.000416 0.000035 0.000315 0.000519 -0.000095 -0.034212 0.000794 0.000503 -0.022115 0.002534 -0.001177 -0.006921 -0.103770 0.183925 0.020984 -0.037670 0.017895 -0.004115 -0.091008 
0.000133 0.000305 0.000043 0.000397 -0.000579 -0.000277 0.000136 0.000781 0.000204 -0.011218 0.000396 0.000709 -0.021008 0.003392 -0.001816 -0.008785 -0.130199 0.205153 0.023762 -0.051445 0.025305 -0.004974 -0.108092 
0.005236 -0.011669 -0.043190 -0.027743 -0.044144 -0.086208 -0.055086 0.037458 -0.026265 -0.012838 -0.079476 0.007541 -0.012541 0.013494 -0.014770 -0.063010 -0.022489 0.090452 0.203989 0.078093 0.135624 0.006462 -0.069207 
0.003158 -0.005096 -0.023910 -0.014396 -0.023328 -0.047990 -0.033906 0.020718 -0.018710 -0.004883 -0.043291 0.003947 -0.008066 0.007940 -0.009613 -0.036739 -0.034672 0.107930 0.110529 0.029325 0.083625 -0.001554 -0.087083 
0.000026 0.000063 0.000138 0.000292 -0.000143 0.000055 -0.000048 0.001065 -0.000021 0.003301 0.000510 0.000698 -0.006036 0.001684 -0.001382 -0.003288 -0.049437 0.130161 0.013912 -0.024110 0.015222 -0.003749 -0.102174 
-0.003263 0.005259 0.024124 0.014937 0.022968 0.048080 0.033998 -0.019152 0.018686 -0.001949 0.043639 -0.002522 -0.011320 -0.005814 0.007268 0.030530 -0.050855 0.124775 -0.085697 -0.039060 -0.066891 -0.005829 -0.094391 
-0.005451 0.011881 0.043269 0.028192 0.043619 0.086181 0.055261 -0.036529 0.026243 -0.007397 0.079100 -0.006148 -0.018531 -0.012548 0.012970 0.056791 -0.054502 0.124110 -0.181037 -0.053552 -0.131304 -0.013778 -0.082098 
0.036640 0.036359 -0.059295 0.041752 0.068483 0.059883 -0.100618 0.123030 0.079991 -0.071459 0.022020 0.034645 -0.059289 -0.145452 0.000244 0.032175 0.112098 0.007662 0.175059 0.000940 -0.039049 -0.084981 0.045903 
0.035300 0.035507 -0.047773 0.035874 0.053259 0.051735 -0.067492 0.073883 0.070359 -0.075151 0.014297 0.037476 -0.046153 -0.095241 -0.065811 0.031954 0.104144 0.020252 0.124102 -0.019223 -0.077497 -0.013077 0.049456 
0.029152 0.022492 -0.047162 0.031697 0.004772 0.017254 -0.038605 -0.008639 0.053642 -0.078715 -0.021498 0.015550 -0.036171 -0.052356 -0.203197 0.077392 0.098189 0.031873 0.030954 -0.018305 -0.075614 0.049823 0.050629 
0.026776 0.024360 -0.034706 0.023833 -0.013001 0.002938 0.000535 -0.044218 0.040004 -0.077795 -0.018062 0.032075 -0.041139 -0.012985 -0.257223 0.045306 0.089389 0.033007 -0.031137 -0.042087 -0.107999 0.079897 0.037251 
0.029629 0.028132 -0.043933 0.026899 0.011197 0.018663 -0.034657 0.013918 0.049919 -0.072620 -0.005064 0.035254 -0.052424 -0.060170 -0.171356 0.040891 0.095690 0.022204 0.035319 -0.030921 -0.076610 0.010623 0.030267 
0.034319 0.035960 -0.047956 0.037335 0.047446 0.042266 -0.060431 0.079454 0.070483 -0.070645 0.017630 0.041704 -0.060575 -0.100201 -0.070231 0.016604 0.104050 0.012043 0.108682 -0.024732 -0.063044 -0.042483 0.031164 
-0.026697 -0.024383 0.034685 -0.023674 0.013169 -0.001694 0.001164 0.042749 -0.040952 -0.077585 0.018791 -0.031791 -0.031821 0.006751 0.259968 -0.034037 0.120150 0.024170 0.025144 0.106030 0.066159 -0.080774 0.045046 
-0.028926 -0.022564 0.047139 -0.031633 -0.004292 -0.015808 0.040381 0.007654 -0.054431 -0.077285 0.023013 -0.015172 -0.028089 0.046392 0.206537 -0.065135 0.125757 0.034659 -0.036643 0.093499 0.028080 -0.050289 0.053114 
-0.035034 -0.035618 0.047765 -0.035887 -0.052888 -0.050333 0.069325 -0.074732 -0.071141 -0.073218 -0.013183 -0.037141 -0.035870 0.088930 0.069507 -0.019612 0.121065 0.047542 -0.129734 0.096479 0.029333 0.012651 0.050724 
-0.036448 -0.036535 0.059338 -0.041760 -0.068418 -0.058707 0.102651 -0.123954 -0.080803 -0.068635 -0.022028 -0.034495 -0.049832 0.138101 0.003428 -0.018896 0.122713 0.047207 -0.181558 0.078230 -0.009975 0.085403 0.043503 
-0.034215 -0.036110 0.047930 -0.037335 -0.047619 -0.041193 0.062180 -0.080848 -0.071574 -0.068803 -0.018057 -0.041595 -0.050005 0.092910 0.073420 -0.004033 0.119872 0.037885 -0.115780 0.084111 0.023600 0.042085 0.033425 
-0.029555 -0.028245 0.043895 -0.026846 -0.011287 -0.017540 0.036293 -0.015394 -0.051037 -0.071485 0.004995 -0.035083 -0.043216 0.053333 0.174242 -0.028976 0.119200 0.029503 -0.041944 0.087166 0.038586 -0.011322 0.034751 
-0.019195 -0.031210 -0.166684 -0.047724 -0.042629 0.008820 -0.001097 0.042406 -0.029170 0.033548 0.032133 0.003840 -0.007362 0.162443 -0.046747 -0.076628 0.068867 -0.060302 0.103909 0.003601 -0.163261 0.006256 -0.068364 
-0.046020 -0.022081 -0.085217 -0.018829 -0.067851 0.020724 -0.021127 0.040887 0.005618 0.029681 -0.012025 0.007788 0.001373 0.098013 -0.047607 0.012166 0.046427 -0.019289 0.071647 0.000184 -0.121546 0.050498 -0.094576 
-0.035312 -0.009556 -0.027295 -0.005197 -0.046125 0.017555 -0.015857 0.022028 0.018074 0.025917 -0.008761 0.002152 0.012267 0.052693 -0.026155 0.036013 0.030336 0.017844 0.033774 -0.016614 -0.060364 0.039190 -0.111299 
-0.000083 -0.000015 -0.000077 0.000138 -0.000213 -0.000244 -0.000466 0.000662 0.000200 0.032023 -0.000481 0.000141 0.015853 0.000740 -0.000930 0.001223 0.022672 0.028190 0.001447 -0.058445 0.023653 -0.002289 -0.117758 
0.034922 0.009541 0.027179 0.005483 0.045914 -0.017972 0.015162 -0.020841 -0.017782 0.028505 0.007379 -0.001525 0.012650 -0.052494 0.024529 -0.034158 0.019044 0.027986 -0.030856 -0.034562 0.083565 -0.043754 -0.106850 
0.045506 0.022045 0.084916 0.018948 0.067708 -0.021292 0.020539 -0.040232 -0.005452 0.033654 0.009593 -0.007258 0.003547 -0.099246 0.046649 -0.009695 0.022153 0.001322 -0.075236 -0.015053 0.129014 -0.053384 -0.086458 
0.018626 0.031201 0.166192 0.047573 0.042639 -0.009559 0.000694 -0.042477 0.029381 0.036307 -0.035396 -0.003524 0.002474 -0.165190 0.046554 0.080563 0.033454 -0.031535 -0.115126 0.030198 0.149704 -0.007252 -0.057385 
0.054994 0.027601 0.112958 0.031933 0.040222 -0.003256 0.016674 -0.031651 0.013000 0.056043 0.003161 -0.027265 0.011458 -0.105855 0.034930 0.115719 0.029778 -0.058388 -0.101866 -0.000366 0.103817 -0.003561 -0.070626 
0.056288 0.016917 0.052625 0.011155 0.028785 0.000482 0.021170 -0.009298 0.001711 0.063788 0.018230 -0.021444 0.027269 -0.040981 0.015137 0.079243 0.049421 -0.083142 -0.057698 -0.046917 0.051835 0.006603 -0.078267 
0.000315 0.000019 -0.000221 0.000029 0.000063 -0.000563 -0.000617 0.000242 0.000386 0.067246 -0.000577 -0.000484 0.040867 0.000850 -0.000779 0.004919 0.067738 -0.084597 -0.011478 -0.080463 0.027342 0.001084 -0.069762 
-0.056013 -0.016806 -0.053036 -0.011151 -0.028764 -0.001666 -0.022231 0.009400 -0.001140 0.062185 -0.020598 0.020764 0.026403 0.041313 -0.016385 -0.071704 0.064671 -0.093580 0.035786 -0.068228 -0.009341 -0.005422 -0.079986 
-0.055166 -0.027535 -0.113382 -0.032000 -0.040278 0.002199 -0.017460 0.031620 -0.012576 0.053344 -0.006364 0.027050 0.006422 0.104721 -0.035558 -0.110935 0.059594 -0.081446 0.085804 -0.035190 -0.089608 0.003807 -0.077216 
-0.083031 -0.071327 -0.206426 -0.039302 -0.015849 0.003231 0.117445 0.110313 0.086004 0.022752 0.062146 -0.052556 -0.010119 0.079893 0.058250 0.137125 0.023357 -0.068836 0.014785 0.025390 0.027602 -0.050142 -0.064116 
-0.070705 -0.038396 -0.088407 -0.011480 -0.028333 0.003281 0.046111 0.045714 0.064559 0.024698 0.017297 -0.025105 0.006098 0.034456 0.030996 0.110399 0.025637 -0.035710 -0.008440 -0.010464 0.023837 -0.030121 -0.100699 
-0.000088 0.000013 -0.000167 0.000096 -0.000315 -0.000418 -0.000482 0.000221 0.000343 0.038697 -0.000784 -0.000060 0.015079 0.000365 -0.000601 0.002311 0.035511 -0.016075 -0.003469 -0.065045 0.025385 -0.002117 -0.121552 
0.070124 0.038414 0.088039 0.011640 0.027988 -0.003850 -0.046483 -0.045755 -0.064152 0.025976 -0.019683 0.025277 0.011178 -0.035251 -0.031995 -0.107350 0.036981 -0.035120 -0.001213 -0.036096 -0.006996 0.026909 -0.103082 
0.082361 0.071227 0.205896 0.039203 0.015827 -0.003567 -0.117372 -0.110733 -0.085984 0.023784 -0.065483 0.052667 0.003947 -0.081931 -0.058669 -0.134762 0.038332 -0.061206 -0.029300 -0.005218 -0.040304 0.049989 -0.067684 
0.079718 0.042434 0.101910 0.014462 0.026066 -0.001181 -0.047128 -0.041766 -0.054639 0.049508 -0.012795 0.020053 0.013542 -0.027860 -0.030765 -0.059669 0.047800 -0.061571 -0.004348 -0.030815 -0.026908 0.047162 -0.067481 
0.000352 -0.000062 -0.000110 0.000068 0.000123 -0.000356 -0.000631 0.000743 0.000225 0.069580 -0.000530 -0.000381 0.022627 0.000732 -0.000564 0.004435 0.060126 -0.047753 -0.007298 -0.064928 0.019484 0.001699 -0.062012 
-0.079619 -0.042505 -0.102178 -0.014361 -0.025894 0.000620 0.046510 0.042341 0.054812 0.048839 0.010497 -0.020431 0.008713 0.027660 0.029882 0.065087 0.037249 -0.060915 -0.010618 -0.023989 0.041465 -0.045180 -0.063304 
0.020701 -0.029024 0.017301 0.277146 0.003615 0.068461 0.013730 -0.011928 -0.081970 -0.262821 0.022931 -0.138496 0.137228 0.016596 -0.022834 -0.037758 -0.092794 0.100713 0.003564 0.071221 -0.054783 -0.084801 0.037945 
0.021597 -0.028683 0.025958 0.223661 0.012480 0.064050 -0.001515 -0.016017 -0.056127 -0.230733 0.019738 -0.117874 0.123242 0.014149 -0.014598 -0.030988 -0.064140 0.079530 -0.004265 0.040200 -0.045983 -0.088604 -0.021182 
0.022544 -0.028577 0.034426 0.167072 0.023556 0.059038 -0.018274 -0.020837 -0.028769 -0.198144 0.011488 -0.096590 0.104542 0.010104 -0.006519 -0.018826 -0.039554 0.052555 -0.014266 0.006973 -0.038547 -0.085105 -0.067174 
0.024808 -0.024532 0.041770 0.108343 0.034548 0.046950 -0.040538 -0.034126 0.009704 -0.164337 -0.003889 -0.070588 0.074943 -0.003045 0.006028 -0.010347 -0.010525 0.017387 -0.023189 -0.031907 -0.032939 -0.058138 -0.061144 
0.034149 -0.010182 0.041918 0.048020 0.040224 0.016622 -0.067557 -0.059295 0.071726 -0.128958 -0.020028 -0.034223 0.041178 -0.016433 0.017646 -0.014281 0.031102 -0.024228 -0.042279 -0.091818 -0.021562 -0.012122 -0.004918 
0.058754 0.002640 0.032913 -0.013617 0.025393 0.001465 -0.077354 -0.076931 0.142583 -0.088474 -0.018486 0.019247 0.018768 -0.004278 0.023551 -0.008904 0.069419 -0.047328 -0.043562 -0.153577 0.008425 0.014094 0.039207 
0.095404 0.002442 0.019405 -0.072651 -0.010116 0.029738 -0.063232 -0.087713 0.195063 -0.048498 0.014858 0.077682 0.005486 0.039559 0.024692 0.021073 0.083659 -0.052909 0.001716 -0.167145 0.059688 -0.009950 0.055294 
0.135281 -0.010897 0.010323 -0.125820 -0.045527 0.081316 -0.027990 -0.078481 0.212701 -0.015355 0.041118 0.112541 0.008833 0.090478 0.024117 0.054891 0.057174 -0.041744 0.073269 -0.106001 0.101346 -0.060015 0.014794 
0.154259 -0.027980 0.009681 -0.157269 -0.058226 0.106767 -0.008298 -0.073794 0.205844 0.000028 0.047686 0.128180 -0.003819 0.124936 0.021420 0.074900 0.000973 -0.006484 0.106535 0.012999 0.087343 -0.083946 0.007779 
0.134924 -0.010684 0.010524 -0.125450 -0.045666 0.080904 -0.027638 -0.078017 0.213032 0.014635 0.039181 0.113667 -0.015439 0.088839 0.024453 0.046712 -0.055974 0.032120 0.091412 0.115375 0.030909 -0.060155 -0.003323 
0.094808 0.002848 0.019746 -0.072002 -0.010131 0.028734 -0.063179 -0.086461 0.195991 0.046298 0.011765 0.079652 -0.008860 0.038228 0.024291 0.009057 -0.081007 0.053460 0.027960 0.168097 -0.043981 -0.012949 -0.052880 
0.058098 0.003184 0.033320 -0.012853 0.025270 -0.000263 -0.077939 -0.075060 0.143820 0.085382 -0.023180 0.021458 -0.018015 -0.005451 0.022561 -0.019742 -0.063649 0.053664 -0.020388 0.154277 -0.088630 0.011341 -0.041672 
0.033552 -0.009576 0.042266 0.048695 0.039733 0.014172 -0.068870 -0.057075 0.073115 0.126870 -0.026755 -0.032368 -0.039488 -0.017542 0.016550 -0.021005 -0.025207 0.029487 -0.030806 0.092127 -0.084286 -0.012024 0.005024 
0.024444 -0.023992 0.041938 0.108735 0.033384 0.044020 -0.042343 -0.032060 0.011120 0.164059 -0.012953 -0.069569 -0.074570 -0.004824 0.006210 -0.011699 0.013005 -0.014786 -0.027856 0.025427 -0.062168 -0.053358 0.065598 
0.022569 -0.028242 0.034312 0.167106 0.021797 0.055958 -0.020335 -0.018835 -0.027137 0.199265 0.000484 -0.096478 -0.105558 0.008048 -0.004665 -0.015146 0.039256 -0.050427 -0.031293 -0.021151 -0.043370 -0.077847 0.071897 
0.022039 -0.028584 0.025546 0.223372 0.010430 0.061017 -0.003819 -0.013789 -0.054169 0.232845 0.007579 -0.118640 -0.124540 0.012538 -0.011558 -0.022439 0.063599 -0.078498 -0.031034 -0.056825 -0.027737 -0.082178 0.023531 
0.021543 -0.029188 0.016598 0.276581 0.001417 0.065639 0.011161 -0.009294 -0.079699 0.265674 0.010016 -0.140106 -0.138583 0.015572 -0.018790 -0.023967 0.091526 -0.100474 -0.032066 -0.091022 -0.014973 -0.080453 -0.038067 
-0.001859 0.174902 0.016566 -0.076770 -0.049551 -0.083233 0.125152 0.007177 0.073354 -0.004491 0.081773 0.045102 -0.295267 -0.162881 -0.218991 -0.137602 0.090796 0.132442 -0.044860 0.127100 0.067334 -0.166996 -0.074192 
-0.012248 0.131479 0.034046 -0.135697 -0.019016 0.005039 0.047989 0.030439 0.029861 -0.019324 0.074002 -0.039647 -0.206847 -0.103096 -0.108755 -0.068465 0.023315 0.012319 -0.043770 0.114993 0.072290 -0.111446 -0.033355 
-0.025217 0.113181 0.047135 -0.173695 0.002252 0.069577 0.027671 0.023060 0.009249 -0.030298 0.029706 -0.124137 -0.126339 -0.053503 -0.006557 -0.006435 -0.030064 -0.061709 -0.030458 0.079706 0.017787 -0.026973 0.002356 
-0.034919 0.110482 0.050766 -0.183465 0.018325 0.094699 0.058874 0.000051 0.001797 -0.032976 -0.023741 -0.172576 -0.082594 -0.029230 0.063523 0.024038 -0.059495 -0.078205 0.010435 0.042160 -0.052155 0.062482 0.022663 
-0.040402 0.112092 0.052747 -0.167586 0.035406 0.093714 0.117496 -0.030257 0.008554 -0.034833 -0.094209 -0.198951 -0.050146 -0.009546 0.107784 0.014786 -0.075454 -0.075315 0.042353 0.007190 -0.139274 0.158350 0.037318 
-0.040032 0.111907 0.052356 -0.167618 0.036432 0.093321 0.117048 -0.028376 0.010358 0.038136 -0.092157 -0.198655 0.060155 -0.004934 0.105113 0.022503 0.056119 0.081477 0.049487 -0.151050 -0.090001 0.158481 -0.045262 
-0.034467 0.110218 0.050385 -0.183445 0.019826 0.094609 0.057873 0.002310 0.003722 0.036515 -0.019755 -0.172683 0.087009 -0.022410 0.060201 0.030765 0.041719 0.085278 0.020351 -0.118923 -0.003111 0.062808 -0.022253 
-0.024798 0.112887 0.046745 -0.173613 0.004352 0.069753 0.026029 0.025572 0.011330 0.033434 0.035954 -0.124614 0.127406 -0.044003 -0.010915 -0.001571 0.023559 0.068860 -0.020492 -0.075367 0.065277 -0.025984 0.003264 
-0.012007 0.131209 0.033520 -0.135535 -0.015945 0.005412 0.045620 0.032663 0.032368 0.022006 0.083864 -0.040392 0.208135 -0.089867 -0.114941 -0.066381 -0.003219 -0.012488 -0.042572 0.001003 0.109719 -0.107196 0.041398 
-0.001862 0.174729 0.015751 -0.076559 -0.045670 -0.082935 0.122237 0.008410 0.076377 0.006574 0.095201 0.044261 0.301563 -0.146035 -0.227140 -0.139211 -0.043014 -0.139519 -0.059179 0.070342 0.093221 -0.156851 0.079483 
-0.064708 0.013172 -0.007021 0.040701 0.084324 -0.104631 -0.105328 -0.070538 -0.047808 -0.000722 -0.002436 -0.119288 -0.001206 0.085017 0.130868 0.061449 0.024151 -0.022955 0.285632 0.145870 0.351783 0.043702 0.014069 
-0.074814 0.018077 0.013371 0.068953 0.051122 -0.126252 -0.049687 -0.061000 0.047075 -0.001625 0.030541 -0.115866 -0.005961 0.164629 0.057741 -0.026379 0.016142 -0.014443 0.159758 0.072228 0.221332 0.049841 0.006278 
-0.084705 0.023575 0.033261 0.097312 0.017685 -0.148269 0.007339 -0.050959 0.142158 -0.002509 0.065022 -0.113912 -0.010824 0.246239 -0.015010 -0.115420 0.008078 -0.005719 0.031985 -0.001877 0.089519 0.056898 -0.001728 
-0.094271 0.029033 0.053267 0.125644 -0.015820 -0.169554 0.065870 -0.039269 0.235794 -0.003376 0.099723 -0.111544 -0.015828 0.331076 -0.087992 -0.201854 -0.000330 0.003016 -0.095431 -0.076459 -0.041605 0.067207 -0.009868 
-0.111279 -0.060476 0.011229 0.060875 -0.015834 0.043085 -0.026449 -0.060291 0.011447 0.001096 0.072705 0.015707 -0.007725 -0.036979 -0.036550 0.008626 0.022455 -0.037392 0.097102 0.012562 -0.031717 0.023949 -0.032541 
-0.115283 -0.059854 0.028394 0.071924 0.001450 0.071454 0.017139 -0.072754 0.050826 0.002903 0.110847 0.012939 -0.005792 -0.040145 -0.020330 0.025151 0.012633 -0.020812 0.070085 0.001283 -0.090826 0.045571 -0.020577 
-0.117154 -0.058974 0.035773 0.074295 0.010863 0.080563 0.032127 -0.076065 0.068516 0.003285 0.131151 0.010513 -0.004738 -0.038163 -0.010606 0.029499 0.005143 -0.007453 0.062135 0.002249 -0.108539 0.053168 -0.007352 
-0.115170 -0.059931 0.028234 0.071770 0.001370 0.071174 0.017086 -0.072749 0.050941 0.002910 0.110843 0.013167 -0.002217 -0.039621 -0.020491 0.024365 -0.002251 0.005025 0.073713 0.006919 -0.092905 0.047607 0.008043 
-0.111060 -0.060637 0.010900 0.060562 -0.016008 0.042518 -0.026525 -0.060257 0.011732 0.002813 0.072732 0.016141 0.002060 -0.035770 -0.036908 0.006895 -0.009985 0.018156 0.104901 0.016283 -0.033805 0.028174 0.026688 
-0.024578 0.055808 0.012208 -0.001942 0.041318 -0.086037 0.000575 -0.014349 -0.079084 -0.005728 -0.028154 0.158095 -0.123477 0.048626 0.033581 0.045886 -0.044967 -0.072892 -0.047439 -0.000265 -0.035406 -0.046888 0.019350 
-0.011914 0.074193 0.027828 -0.012940 0.111967 -0.043805 0.001786 0.067803 -0.076198 -0.006703 0.028473 0.204413 -0.116002 0.062138 0.198281 -0.051231 -0.037932 -0.078825 0.037789 -0.036769 -0.107522 -0.096225 -0.004185 
-0.015627 0.072447 0.025179 -0.000305 0.114827 -0.047801 -0.008393 0.050309 -0.073832 -0.012418 0.018985 0.187438 -0.090786 0.054729 0.180141 -0.021944 -0.031200 -0.071148 0.048822 -0.026233 -0.111279 -0.061997 0.016167 
-0.038787 0.046719 0.006896 0.029584 0.047853 -0.095812 -0.026430 -0.063173 -0.072859 -0.014351 -0.056636 0.096095 -0.063568 0.037413 -0.014170 0.131200 -0.024642 -0.047317 -0.015800 0.012544 -0.027986 0.049184 0.022550 
-0.044512 0.030512 -0.010255 0.009537 0.008860 -0.112898 -0.043670 -0.096582 -0.106395 -0.009742 -0.087496 0.092429 -0.077289 0.017282 -0.080586 0.228901 -0.039726 -0.052836 -0.041516 0.038531 0.022469 0.059455 0.031717 
-0.040735 0.033245 -0.010419 0.000347 0.003535 -0.113325 -0.034860 -0.088197 -0.109119 -0.008918 -0.080204 0.109696 -0.094521 0.019874 -0.076036 0.207444 -0.044920 -0.060648 -0.054130 0.039061 0.016831 0.036696 0.027572 
-0.038686 0.046818 0.007015 0.030134 0.048888 -0.096020 -0.027335 -0.061406 -0.071848 0.012254 -0.052833 0.095589 0.062908 0.041412 -0.017209 0.133553 0.001962 0.054443 -0.006596 -0.047297 -0.010805 0.044058 -0.024342 
-0.015335 0.072416 0.025146 0.000274 0.116332 -0.047960 -0.009445 0.052452 -0.072330 0.011077 0.024595 0.187019 0.083835 0.059958 0.176663 -0.016849 0.026501 0.051564 0.059019 -0.082153 -0.097478 -0.066526 -0.026173 
-0.011570 0.074158 0.027722 -0.012282 0.114052 -0.043912 0.000786 0.070509 -0.074194 0.005501 0.035745 0.204347 0.108991 0.068168 0.194401 -0.044712 0.037521 0.058706 0.050337 -0.068310 -0.104852 -0.099649 -0.005933 
-0.024111 0.055671 0.011945 -0.001322 0.043617 -0.086093 -0.000466 -0.011427 -0.076781 0.004048 -0.019967 0.158207 0.122721 0.055366 0.029570 0.052995 0.033190 0.078220 -0.033658 -0.033515 -0.031369 -0.051115 -0.022107 
-0.040394 0.033195 -0.010554 0.000915 0.005327 -0.113368 -0.035804 -0.085680 -0.107353 0.006803 -0.073794 0.109583 0.098833 0.025589 -0.079518 0.212796 0.017675 0.078415 -0.042091 -0.015529 0.029242 0.031538 -0.022321 
-0.044310 0.030531 -0.010277 0.010077 0.010265 -0.112980 -0.044533 -0.094471 -0.105032 0.007464 -0.082443 0.092186 0.081551 0.021992 -0.083866 0.233014 0.010385 0.070000 -0.030866 -0.013149 0.035408 0.054077 -0.025924 
-0.010343 -0.081917 -0.107765 -0.044967 -0.033714 -0.020899 -0.002727 0.050248 -0.070364 0.024810 -0.074482 0.050485 -0.023450 -0.051913 -0.018883 -0.193399 -0.009433 -0.104467 -0.019789 -0.086987 0.095285 -0.024656 -0.016391 
-0.073815 -0.089326 -0.052988 -0.013218 -0.101640 0.015197 -0.033514 0.109399 -0.027987 0.014222 -0.121142 0.034479 -0.015600 -0.055900 -0.032798 -0.068006 -0.001749 -0.082056 0.001367 -0.031476 0.035042 0.005544 -0.042561 
-0.119223 -0.082163 0.011147 0.014392 -0.138506 0.042483 -0.052739 0.132739 0.031375 0.003094 -0.122055 0.011125 -0.006122 -0.040699 -0.030445 0.041249 0.002138 -0.042764 -0.001198 0.006424 -0.040410 0.004001 -0.030755 
-0.139398 -0.076675 0.020804 0.020375 -0.151844 0.046410 -0.055908 0.133563 0.046160 -0.003082 -0.111966 -0.000735 0.005745 -0.037334 -0.039605 0.051736 0.001832 -0.002242 -0.011381 0.010457 -0.069993 0.001033 0.000168 
-0.119237 -0.082269 0.010959 0.014354 -0.138385 0.042705 -0.052621 0.133223 0.031735 -0.009125 -0.120904 0.011678 0.018538 -0.039656 -0.031162 0.041358 0.005386 0.036246 0.007133 0.031555 -0.055993 0.006174 0.031338 
-0.073831 -0.089511 -0.053388 -0.013232 -0.101291 0.015702 -0.033202 0.110418 -0.027417 -0.018260 -0.118760 0.035540 0.027579 -0.054459 -0.033978 -0.067900 0.009575 0.079646 0.017987 0.032928 -0.000302 0.007477 0.044677 
-0.010257 -0.082144 -0.108325 -0.044922 -0.033101 -0.020051 -0.002145 0.051684 -0.069851 -0.025263 -0.071028 0.051683 0.029906 -0.050273 -0.020047 -0.193028 0.011629 0.111808 0.002366 0.017604 0.044887 -0.026441 0.019710 
0.094993 -0.062559 -0.093140 -0.031875 0.004655 -0.023485 0.047387 0.037788 -0.081934 -0.016013 0.015033 -0.016317 0.015195 -0.055543 0.010426 -0.047358 -0.021181 0.092681 -0.057431 0.044696 0.039194 0.032989 0.016158 
0.197386 -0.053533 -0.094835 -0.034131 0.039671 -0.022000 0.097167 0.043358 -0.103459 -0.004302 0.095098 -0.063917 0.003008 -0.038379 0.020473 0.054260 -0.021836 0.052145 -0.091287 0.037052 0.011509 0.081123 0.007247 
0.235620 -0.054749 -0.099568 -0.038998 0.049043 -0.022829 0.118564 0.050624 -0.113032 0.002723 0.122370 -0.073631 -0.002822 -0.017507 0.018749 0.079075 -0.009864 0.009898 -0.093177 0.007631 0.001319 0.106623 -0.001500 
0.197534 -0.053476 -0.094739 -0.034207 0.039570 -0.022239 0.097017 0.042881 -0.103584 0.009179 0.094311 -0.064411 -0.006190 -0.038701 0.020668 0.056148 0.000862 -0.030215 -0.101674 -0.031498 0.038383 0.082334 -0.008721 
0.095113 -0.062434 -0.092852 -0.031960 0.004328 -0.024051 0.046974 0.036791 -0.082206 0.018582 0.013033 -0.017363 -0.012995 -0.056527 0.011131 -0.044663 0.006973 -0.073945 -0.077304 -0.071438 0.087240 0.034840 -0.015346 
0.003711 -0.073544 -0.080738 -0.031559 -0.041639 -0.007753 -0.022099 0.057769 -0.070947 0.024662 -0.063171 0.040055 -0.013815 -0.055783 -0.013506 -0.153850 0.011468 -0.075342 -0.015447 -0.056236 0.071516 0.022864 -0.007215 
-0.108868 -0.094692 -0.037708 0.004364 -0.104833 0.018179 -0.037180 0.077444 0.012947 0.010578 -0.083229 0.010584 -0.002502 -0.094186 0.032627 -0.007520 -0.002548 -0.027337 -0.080126 -0.029141 0.061962 -0.060825 0.001591 
-0.143886 -0.096544 -0.012994 0.012051 -0.122551 0.019106 -0.050369 0.073509 0.040148 -0.001340 -0.077107 -0.001023 0.005564 -0.091133 0.043997 0.041983 -0.012079 0.011233 -0.104152 -0.008775 0.047125 -0.109142 0.006360 
-0.109043 -0.094875 -0.038108 0.004319 -0.104672 0.018518 -0.036611 0.077861 0.013417 -0.012733 -0.082234 0.011024 0.013413 -0.093333 0.032295 -0.008382 -0.016145 0.044869 -0.072557 -0.001510 0.048560 -0.061607 0.005562 
0.003441 -0.073855 -0.081566 -0.031591 -0.041113 -0.006999 -0.020793 0.058831 -0.070240 -0.025280 -0.061060 0.040951 0.021006 -0.054239 -0.014199 -0.155506 -0.004752 0.079580 0.000704 0.020673 0.036243 0.020290 0.003444 
0.167257 -0.040121 -0.052311 -0.009557 0.025474 0.001420 0.031944 0.098994 -0.096438 -0.007318 0.036789 -0.003112 0.009538 -0.000451 -0.049891 -0.006768 0.001389 0.035145 0.032010 0.055889 -0.046695 0.181075 -0.010233 
0.232683 -0.029411 -0.057726 -0.019229 0.050722 0.004849 0.063649 0.121269 -0.110870 0.000526 0.085203 -0.011701 -0.003538 0.036446 -0.060141 0.018934 0.011935 -0.009105 0.042625 0.038870 -0.089854 0.234076 -0.009878 
0.167503 -0.039965 -0.051961 -0.009612 0.025236 0.001113 0.031423 0.098365 -0.096911 0.007797 0.035707 -0.003553 -0.011846 -0.001228 -0.049561 -0.005708 0.015393 -0.046059 0.022837 0.002904 -0.025349 0.183040 -0.005169 
-0.075517 0.221460 -0.016606 0.062240 0.004118 0.157001 0.091956 0.153315 -0.015505 -0.059881 0.075195 0.155661 -0.026300 0.131420 -0.114341 0.089411 0.179075 -0.154997 -0.054996 0.218154 0.058358 0.091807 -0.162321 
-0.092493 0.204681 -0.028781 0.061449 -0.025441 0.098465 0.010048 0.109241 -0.034466 -0.036143 0.088374 0.062409 -0.022838 0.081591 -0.048834 0.002670 0.127189 -0.004584 -0.094826 0.046530 0.055969 0.041952 -0.088911 
-0.105730 0.190218 -0.052638 0.059642 -0.020124 0.047171 -0.062938 0.065038 -0.041664 -0.005827 0.069457 -0.017417 -0.013076 -0.004448 0.044736 -0.059098 0.014032 0.094245 -0.081614 -0.063377 0.041803 0.032626 -0.040979 
-0.086923 0.168614 -0.074795 0.036855 0.009297 -0.001531 -0.128670 -0.011194 -0.024368 0.046874 0.010160 -0.046956 -0.058041 -0.084656 0.112463 -0.105173 -0.083881 0.086436 -0.010554 -0.131270 0.015314 0.053193 -0.068407 
-0.027628 0.135779 -0.091118 0.013591 0.043036 -0.022294 -0.122037 -0.074764 0.007385 0.078460 -0.029214 -0.018612 -0.062172 -0.061712 0.082857 -0.093627 -0.122638 0.039328 0.032815 -0.129376 -0.027875 0.054871 -0.080498 
0.029636 0.082292 -0.095345 0.002957 0.036296 0.016363 -0.053129 -0.105710 0.023777 0.060496 -0.043269 -0.024116 -0.032240 0.009142 0.047486 0.008169 -0.156265 0.058199 0.046190 -0.038948 -0.057368 -0.016801 -0.051714 
0.054164 0.037637 -0.107959 0.015824 0.034572 0.034723 0.009959 -0.084777 0.021424 0.052874 -0.056202 -0.066929 -0.058323 0.017489 0.000602 0.069313 -0.162400 0.046800 0.018414 0.078321 -0.049149 -0.113101 -0.076145 
0.055529 0.036230 -0.112468 0.067132 0.082834 -0.025210 0.044164 -0.088818 0.020556 0.044401 -0.067182 -0.108571 -0.054484 -0.014789 -0.073552 0.070707 -0.086162 0.027134 0.037809 0.071006 -0.015830 -0.145012 -0.067061 
0.056621 0.056488 -0.109634 0.086495 0.127914 -0.084538 0.038869 -0.110881 0.055040 -0.000906 -0.104337 -0.106160 0.001847 -0.027857 -0.136157 0.078673 -0.001384 -0.008556 0.083448 -0.000623 0.033889 -0.162125 0.004557 
0.055733 0.035828 -0.112244 0.067223 0.083905 -0.023661 0.044867 -0.088820 0.019713 -0.043211 -0.062106 -0.109702 0.056711 -0.011674 -0.075846 0.081731 0.077673 -0.033631 0.022633 -0.079915 0.022904 -0.139930 0.071196 
0.055130 0.037337 -0.107435 0.016410 0.036292 0.036660 0.009864 -0.082460 0.019538 -0.050777 -0.048317 -0.069571 0.060748 0.018186 -0.001602 0.094110 0.152883 -0.048608 -0.003362 -0.093948 0.001609 -0.105653 0.077636 
0.031289 0.082737 -0.094454 0.004232 0.038169 0.018530 -0.054481 -0.100660 0.020587 -0.059869 -0.034285 -0.027282 0.035555 0.004728 0.046972 0.038192 0.162094 -0.067052 0.029748 0.023414 -0.065841 -0.012310 0.048880 
-0.026063 0.136834 -0.090043 0.015318 0.045870 -0.019395 -0.124098 -0.067738 0.004504 -0.079881 -0.016174 -0.020860 0.068993 -0.065315 0.080968 -0.065537 0.140270 -0.046611 0.025543 0.120231 -0.096217 0.056746 0.076793 
-0.086156 0.169729 -0.073873 0.038208 0.012021 0.001135 -0.130596 -0.005286 -0.025700 -0.047890 0.022062 -0.048493 0.065425 -0.085492 0.111034 -0.083633 0.094807 -0.081489 -0.029477 0.132283 -0.062145 0.052217 0.068002 
-0.106165 0.190649 -0.052406 0.059744 -0.019876 0.047974 -0.063240 0.065851 -0.041113 0.006289 0.073463 -0.018383 0.011652 -0.002685 0.046649 -0.053571 -0.019127 -0.074222 -0.098896 0.066634 0.000433 0.032052 0.041533 
-0.094399 0.204464 -0.029029 0.060657 -0.026204 0.097377 0.011152 0.106244 -0.031812 0.037354 0.088054 0.062513 0.013527 0.088713 -0.046724 -0.012160 -0.136671 0.024963 -0.086464 -0.014935 0.058539 0.046035 0.091043 
-0.079325 0.220699 -0.016802 0.061061 0.003274 0.154628 0.094286 0.147982 -0.012067 0.061356 0.071171 0.156675 0.011312 0.143067 -0.113477 0.058224 -0.193689 0.164992 -0.019568 -0.168171 0.137985 0.102083 0.169626 
-0.010441 0.040125 -0.057735 0.096943 -0.036661 -0.103695 0.208668 0.006267 0.059053 -0.052752 -0.140885 0.078200 -0.063425 -0.133209 0.091169 0.047895 0.084402 -0.057078 0.052634 0.088023 0.003300 0.028791 -0.103411 
0.013004 0.015860 -0.047664 0.061345 -0.004438 -0.104836 0.131184 0.050029 0.064197 -0.066525 -0.098979 0.025161 -0.061290 -0.067761 0.089392 0.068897 0.063886 -0.022087 0.031149 0.062969 0.021742 0.003360 -0.104170 
0.028334 0.000457 -0.032825 0.017444 0.021872 -0.110442 0.034809 0.106872 0.055243 -0.078868 -0.045234 -0.034112 -0.047129 -0.032154 0.043521 0.045323 0.062219 0.041269 0.039550 0.032977 0.010613 0.012399 -0.094136 
0.039226 -0.007955 -0.020488 -0.023740 0.052551 -0.115997 -0.062337 0.160183 0.053650 -0.092410 0.003534 -0.096731 -0.015912 -0.003485 0.007827 0.024315 0.070718 0.090813 0.047027 0.013388 -0.014607 0.030431 -0.052647 
0.047052 -0.014501 -0.009659 -0.057901 0.082081 -0.127440 -0.149718 0.200287 0.042968 -0.106794 0.035437 -0.148759 0.027690 0.013587 -0.025842 0.007940 0.078707 0.140354 0.057853 0.005790 -0.054573 0.058490 0.011185 
0.048908 -0.017121 -0.013074 -0.063921 0.073424 -0.129955 -0.151673 0.188749 0.046597 0.099113 0.025518 -0.146254 -0.035321 0.015923 -0.022163 -0.002075 -0.087395 -0.147792 0.029454 -0.039140 -0.040401 0.054665 -0.020705 
0.040054 -0.009456 -0.022462 -0.028115 0.047836 -0.117620 -0.065581 0.152750 0.055895 0.086537 -0.001878 -0.094304 0.011719 0.000015 0.009484 0.010397 -0.077566 -0.098392 0.027748 -0.026350 -0.007136 0.028195 0.046831 
0.028104 -0.000077 -0.033499 0.014610 0.020788 -0.111121 0.030766 0.102595 0.056098 0.074833 -0.047232 -0.031991 0.049281 -0.027794 0.043929 0.027004 -0.066940 -0.048824 0.029001 -0.028601 0.021125 0.010895 0.091682 
0.012155 0.015544 -0.048047 0.059015 -0.003318 -0.104891 0.127691 0.045621 0.064996 0.063929 -0.099510 0.026920 0.071451 -0.062437 0.090102 0.043826 -0.066716 0.014832 0.033433 -0.048268 0.041771 0.001523 0.104638 
-0.010877 0.038806 -0.059631 0.093351 -0.036183 -0.103090 0.207613 -0.003086 0.062073 0.051161 -0.141758 0.079719 0.082879 -0.125936 0.093635 0.016578 -0.076075 0.043583 0.064284 -0.071153 0.027988 0.027119 0.103745 
-0.023959 -0.137903 -0.080850 -0.060032 0.073312 -0.031378 -0.106882 0.020766 0.009786 -0.002862 -0.028036 0.060861 -0.000014 0.072971 -0.084363 0.025088 -0.004714 0.009233 -0.110683 -0.011912 -0.056593 0.043849 0.000641 
-0.037140 -0.136200 -0.069400 -0.044426 0.127977 -0.059538 -0.085921 -0.028756 0.039860 -0.001850 -0.002636 0.063634 0.001342 0.026201 -0.091779 -0.032647 -0.000111 0.010259 -0.100253 0.008011 0.013583 0.070065 0.002899 
-0.048171 -0.132511 -0.059535 -0.024365 0.173715 -0.094460 -0.050715 -0.072405 0.073443 -0.000908 0.028076 0.053480 0.002074 0.003532 -0.095691 -0.102774 0.004379 0.012898 -0.108440 0.025000 0.076983 0.090541 0.004194 
-0.054686 -0.123766 -0.049335 -0.002926 0.218068 -0.135937 -0.007285 -0.103413 0.102512 -0.000119 0.066645 0.034567 0.001043 0.019243 -0.103623 -0.167941 0.006374 0.016401 -0.129772 0.035759 0.144799 0.120774 0.005008 
-0.064440 -0.118578 -0.004198 -0.001748 0.133252 0.118524 0.041641 -0.067077 -0.013124 -0.053822 0.118057 0.094445 0.108177 -0.083605 0.005961 -0.075387 0.079248 0.051165 -0.010494 -0.050608 0.028079 0.062593 0.150046 
-0.073679 -0.150260 -0.021981 -0.006050 0.145897 0.134784 0.053016 -0.063419 -0.005730 -0.025810 0.120418 0.090408 0.051217 -0.115461 0.052448 -0.025060 0.042889 0.022018 0.010738 -0.013007 0.034217 0.038088 0.075510 
-0.079875 -0.171924 -0.034483 -0.006044 0.155372 0.138780 0.066200 -0.053912 0.021308 0.004772 0.119585 0.082952 0.001345 -0.134491 0.077247 0.021979 0.002031 0.001109 0.022022 0.029910 0.034486 0.018476 0.000749 
-0.072287 -0.150978 -0.023675 -0.007608 0.142526 0.133172 0.053803 -0.066554 -0.002453 0.035124 0.115662 0.090207 -0.050494 -0.117441 0.056971 -0.025114 -0.036881 -0.021474 0.009983 0.052581 0.029244 0.035705 -0.075933 
-0.061777 -0.120140 -0.007713 -0.005110 0.126328 0.115569 0.043616 -0.073854 -0.006740 0.061979 0.107821 0.094221 -0.110452 -0.087307 0.014580 -0.075909 -0.074807 -0.050769 -0.014213 0.054450 0.024681 0.058030 -0.152882 
-0.022909 -0.019395 -0.040768 -0.075768 -0.119237 0.027971 0.010659 -0.128561 -0.132629 -0.104986 -0.036319 -0.023027 0.089380 0.064479 -0.023504 0.018677 0.008200 -0.069494 -0.099452 -0.140264 0.011754 -0.078184 -0.038726 
-0.011663 -0.012721 -0.015117 -0.078467 -0.071783 0.060507 0.006642 -0.105244 -0.081065 -0.076170 0.018144 -0.008068 0.029019 0.030540 0.002642 -0.017086 -0.029254 -0.046645 0.031060 -0.131388 -0.026875 -0.076424 -0.080200 
-0.012700 -0.020601 -0.014420 -0.080627 -0.068679 0.064607 -0.002786 -0.098847 -0.069667 -0.055799 0.020490 -0.015505 -0.010174 0.017321 -0.010725 -0.036045 -0.067074 -0.050202 0.073231 -0.093054 -0.002462 -0.058533 -0.119619 
-0.022216 -0.036533 -0.027628 -0.074864 -0.070484 0.042078 -0.019854 -0.113556 -0.069907 -0.041478 0.001313 -0.043331 -0.033593 -0.011060 -0.055672 -0.023027 -0.061931 -0.048030 0.117328 -0.039059 0.013910 0.032313 -0.113835 
-0.027296 -0.030028 -0.029386 -0.076219 -0.087638 0.021374 0.003870 -0.110062 -0.077782 -0.069674 -0.020143 -0.042802 0.028886 0.015273 -0.033187 0.002833 -0.016759 -0.057456 0.047262 -0.067098 0.002935 0.013527 -0.064547 
-0.026952 -0.025091 -0.034229 -0.079231 -0.100988 0.020407 0.011670 -0.110003 -0.097099 -0.082711 -0.029875 -0.031535 0.052469 0.040561 -0.017033 0.005566 0.003046 -0.081933 -0.015501 -0.098325 0.004758 -0.025428 -0.063197 
-0.024397 -0.033849 -0.022893 -0.069851 -0.064326 0.039641 -0.024282 -0.098773 -0.074091 0.044909 0.005768 -0.043196 0.030214 -0.014564 -0.061464 -0.015939 0.072864 0.025274 0.117331 0.021832 0.002672 0.032547 0.114817 
-0.013506 -0.018713 -0.011192 -0.076740 -0.064517 0.061248 -0.005771 -0.086178 -0.071570 0.060003 0.023383 -0.015642 0.005106 0.012858 -0.014423 -0.024426 0.077165 0.031334 0.077874 0.065428 -0.041374 -0.056843 0.118114 
-0.011771 -0.011460 -0.013058 -0.075249 -0.069583 0.054681 0.005956 -0.094395 -0.080802 0.080655 0.016568 -0.008488 -0.033029 0.023791 0.000018 -0.007143 0.034423 0.035382 0.050271 0.095798 -0.066996 -0.072290 0.075636 
-0.022185 -0.019104 -0.040197 -0.073881 -0.119383 0.021090 0.011975 -0.121001 -0.129652 0.108788 -0.042105 -0.023165 -0.087195 0.056911 -0.023261 0.024658 -0.011866 0.087048 -0.067562 0.141774 -0.042892 -0.076388 0.033233 
-0.027568 -0.023977 -0.032179 -0.076207 -0.098956 0.014736 0.011406 -0.100164 -0.096467 0.085564 -0.033132 -0.031380 -0.051423 0.034695 -0.019175 0.008240 -0.002948 0.083988 0.011173 0.081654 -0.025127 -0.024077 0.059653 
-0.028620 -0.028286 -0.026167 -0.072465 -0.084045 0.017229 0.001719 -0.098825 -0.079353 0.072429 -0.020945 -0.042761 -0.029173 0.010234 -0.035955 0.005873 0.020289 0.048886 0.058934 0.047219 -0.014606 0.012955 0.062687 
0.075805 -0.005394 0.168063 0.078607 -0.054244 0.058215 -0.006478 0.042799 0.001152 0.103007 -0.044958 0.018539 0.184649 -0.071353 0.019894 0.087271 -0.072213 -0.022852 0.055259 0.111090 0.078729 0.026963 -0.145646 
0.031030 -0.035872 0.148024 0.024897 -0.055144 0.051231 -0.000210 0.072150 0.048963 0.067141 0.003158 -0.005183 0.101734 -0.034460 0.007489 0.069011 -0.063569 0.008931 0.037548 0.097309 -0.011873 0.074967 -0.095813 
-0.036427 -0.064730 0.129730 0.007194 -0.061675 0.024125 -0.007446 0.060846 0.100609 0.028191 0.024440 -0.020667 0.039865 -0.005541 0.008106 0.074845 -0.042588 0.028918 -0.026261 0.049327 -0.037593 0.094940 -0.047102 
-0.063163 -0.084404 0.102720 -0.006882 -0.056104 -0.009892 0.008620 0.043231 0.130565 -0.001501 0.053089 -0.018280 -0.001059 0.030044 0.025309 0.076984 -0.005665 0.008111 -0.086817 -0.014522 -0.086194 0.077395 -0.007492 
-0.035585 -0.065862 0.127926 0.004959 -0.064546 0.025609 -0.005482 0.055732 0.100431 -0.030859 0.019929 -0.020724 -0.040591 -0.006993 0.009032 0.079738 0.034741 -0.024826 -0.032029 -0.047096 -0.011275 0.101608 0.038382 
0.031961 -0.037518 0.145679 0.021693 -0.059740 0.053520 0.003348 0.064036 0.047561 -0.068056 -0.005875 -0.005389 -0.102336 -0.039437 0.009419 0.074184 0.056117 -0.016141 0.032853 -0.087198 0.035348 0.086760 0.091032 
0.075895 -0.006400 0.167295 0.076600 -0.058269 0.060814 -0.002476 0.035721 -0.003644 -0.102351 -0.057967 0.017786 -0.183456 -0.082695 0.023161 0.088710 0.055063 0.014349 0.055233 -0.085402 0.127212 0.042032 0.148731 
0.079230 -0.024711 0.109135 0.037787 -0.038784 0.003330 0.034484 0.063863 -0.011348 -0.087797 -0.013535 0.006485 -0.113409 -0.017592 0.004977 0.013853 0.030234 0.036630 -0.002867 -0.038980 0.033412 -0.044698 0.105429 
0.051675 -0.054522 0.050520 -0.004887 -0.019062 -0.051016 0.053209 0.074677 -0.017411 -0.051624 0.035007 -0.016152 -0.048910 0.026899 0.017409 -0.029509 0.004375 0.029169 -0.048670 -0.005679 -0.026781 -0.153869 0.058451 
0.039556 -0.070671 0.008498 -0.031640 -0.003894 -0.095262 0.069079 0.062016 -0.000151 -0.000894 0.078499 -0.030044 -0.004237 0.064258 0.030266 -0.012247 -0.002919 0.006927 -0.083768 -0.018979 -0.078678 -0.219661 0.008161 
0.051833 -0.054765 0.049895 -0.005192 -0.018823 -0.051922 0.052469 0.075164 -0.014954 0.050192 0.036899 -0.016087 0.044046 0.031262 0.016613 -0.027766 -0.008071 -0.021535 -0.053924 -0.014113 -0.023488 -0.155497 -0.043035 
0.079383 -0.024547 0.108830 0.038247 -0.036867 0.001570 0.032310 0.066953 -0.007222 0.087229 -0.006709 0.006794 0.111574 -0.009036 0.002961 0.014293 -0.038599 -0.035991 -0.008504 0.037115 0.015596 -0.051643 -0.098056 
0.144108 0.023833 0.210733 0.031591 -0.059646 0.003043 -0.102283 -0.012721 -0.102885 0.175549 -0.057728 0.072258 0.225509 0.038803 -0.066549 -0.120286 0.195125 0.072363 0.108993 0.071842 -0.015195 0.056219 -0.097176 
0.022333 -0.048589 0.128472 -0.008328 -0.078016 -0.025266 -0.051956 0.029051 0.011046 0.079465 -0.038228 0.018401 0.098178 0.062052 -0.001465 -0.038823 0.090318 0.047318 -0.026470 0.040963 0.047517 0.053465 -0.041889 
-0.061457 -0.088535 0.070973 -0.012616 -0.068967 -0.073790 0.016160 0.050480 0.130572 -0.002697 -0.003664 -0.017939 -0.001248 0.098222 0.052866 0.062872 -0.011868 0.017901 -0.163166 -0.010316 0.032337 0.019060 -0.002854 
0.021979 -0.049490 0.127429 -0.009883 -0.080038 -0.024367 -0.046620 0.022104 0.010781 -0.083181 -0.047125 0.018999 -0.096739 0.062325 -0.000728 -0.054757 -0.086306 -0.040301 -0.034877 -0.027398 0.073444 0.059353 0.038798 
0.142694 0.022419 0.209582 0.029398 -0.063686 0.004604 -0.091487 -0.026014 -0.105037 -0.177208 -0.077247 0.073338 -0.222836 0.037657 -0.064264 -0.154528 -0.166751 -0.093826 0.089637 -0.055384 0.030980 0.065702 0.091014 
0.116813 -0.015290 0.098294 -0.027889 -0.037219 -0.024853 0.001723 0.038184 -0.031296 -0.079111 -0.018053 0.064650 -0.096347 0.069229 -0.022347 -0.072090 -0.072641 -0.038239 0.025412 -0.029043 -0.087848 -0.100824 0.039553 
0.089323 -0.051246 0.009126 -0.046362 -0.009383 -0.073680 0.099634 0.076495 0.056663 -0.001649 0.055586 0.041026 -0.003175 0.099148 0.026202 0.031114 -0.000590 0.005485 -0.070567 -0.026852 -0.193679 -0.213317 0.003024 
0.117592 -0.015042 0.098196 -0.027487 -0.036629 -0.025410 -0.002671 0.042636 -0.029774 0.076182 -0.010119 0.064261 0.095826 0.070074 -0.022651 -0.055786 0.090197 0.029593 0.033172 0.012973 -0.109351 -0.104770 -0.034005 
# The variances of the components (eigenvalues) of identity or combined identity and expression model
1
23
6
795.358907 526.466957 323.962380 149.332995 108.218528 86.462266 78.978172 71.817921 63.124413 56.631775 49.840502 37.133586 32.292271 27.991391 25.613033 20.062292 16.082399 14.009888 12.585536 4.127530 1.562736 1.104694 0.909219 
